P,P_0,P_1,P_2,P_3,P_4,P_5,P_6,P_7
P_0,0.0,87.0,50.0,93.0,33.0,76.0,71.0,40.0
P_1,87.0,0.0,62.0,29.0,12.0,102.0,21.0,94.0
P_2,50.0,62.0,0.0,53.0,86.0,41.0,77.0,37.0
P_3,93.0,29.0,53.0,0.0,94.0,58.0,12.0,15.0
P_4,33.0,12.0,86.0,94.0,0.0,76.0,81.0,59.0
P_5,76.0,102.0,41.0,58.0,76.0,0.0,59.0,64.0
P_6,71.0,21.0,77.0,12.0,81.0,59.0,0.0,31.0
P_7,40.0,94.0,37.0,15.0,59.0,64.0,31.0,0.0
