TP,P_0,P_1,P_2,P_3,P_4,P_5,P_6,P_7,P_8,P_9,P_10,P_11,P_12,P_13,P_14,P_15,P_16,P_17,P_18,P_19,P_20,P_21,P_22,P_23,P_24,P_25,P_26,P_27,P_28,P_29,P_30,P_31
T_0,2.41,2.05,2.60,2.73,2.47,2.76,2.09,2.62,2.40,2.03,2.56,2.43,2.71,2.35,2.59,2.55,2.63,2.97,2.20,2.84,2.06,2.32,2.56,2.35,2.26,2.86,2.24,2.49,2.16,1.94,2.14,2.66
T_1,2.35,2.29,2.47,2.27,2.71,2.77,2.52,2.45,2.54,2.23,2.15,2.26,2.40,2.39,2.72,2.12,2.31,2.83,2.43,2.56,2.46,2.27,2.49,2.33,2.48,2.69,2.08,2.35,2.34,2.37,2.36,2.48
T_2,2.16,2.62,2.83,2.23,2.71,2.49,2.55,2.78,2.35,2.01,2.67,2.14,2.50,2.55,2.33,2.66,2.59,2.65,2.29,2.27,2.38,2.11,2.62,2.53,2.42,2.85,2.19,2.40,2.51,2.15,1.96,2.05
T_3,2.47,1.92,2.71,2.62,2.54,2.29,2.39,2.43,2.55,2.38,2.51,2.83,2.83,2.51,2.36,2.61,2.42,2.68,2.31,2.67,3.02,2.05,2.67,2.07,2.63,2.93,2.12,2.41,2.61,2.53,2.21,2.16
T_4,2.58,2.44,2.55,2.34,2.56,2.56,2.46,2.71,2.69,2.30,2.47,2.33,2.49,2.60,2.68,2.70,2.44,2.70,2.34,2.59,2.49,2.42,2.82,2.52,2.92,2.97,2.43,2.56,2.68,2.29,2.39,2.87
T_5,2.56,2.05,2.42,2.44,2.78,2.59,2.49,2.82,2.85,2.27,2.22,2.77,2.52,2.56,2.71,2.16,2.48,2.72,2.25,2.49,2.65,2.32,2.74,2.39,2.37,2.99,2.05,2.14,2.61,2.13,2.24,2.36
T_6,2.22,2.07,2.25,2.40,2.64,2.61,2.35,2.51,2.27,2.21,2.39,2.42,2.64,2.50,2.15,2.57,2.63,2.72,2.52,2.66,2.53,2.39,2.58,2.50,2.67,2.62,2.05,2.33,2.27,2.39,2.03,2.31
T_7,2.37,2.28,2.64,2.40,2.72,2.39,2.65,2.36,2.23,2.30,2.36,2.37,2.76,2.60,2.43,2.42,2.45,2.94,2.29,2.45,2.45,2.36,2.46,2.34,2.45,2.77,2.15,2.40,2.48,2.26,2.42,2.21
T_8,2.33,2.05,2.57,2.57,2.34,2.35,2.44,2.41,2.39,2.18,2.37,2.82,2.74,2.40,2.49,2.58,2.44,2.39,2.29,2.40,2.16,2.29,2.28,2.15,2.69,2.97,2.16,2.27,2.50,2.22,2.43,2.52
T_9,2.32,2.44,2.74,2.39,2.53,2.45,2.17,2.64,2.44,2.05,2.50,2.48,2.48,2.52,2.50,2.69,2.06,2.98,1.97,2.35,2.38,2.23,2.73,2.72,2.91,2.91,2.20,2.36,2.16,2.10,2.32,2.43
T_10,2.41,2.31,2.68,2.56,2.70,2.69,2.27,2.60,2.25,2.17,2.75,2.47,2.58,2.22,2.55,2.38,2.51,2.70,2.25,2.20,2.59,2.52,2.58,2.35,2.75,2.52,2.21,2.72,2.64,2.39,2.19,2.48
T_11,2.23,2.37,2.58,2.36,2.40,2.60,2.53,2.61,2.79,2.16,2.10,2.74,2.60,2.42,2.37,2.42,2.43,2.57,2.34,2.30,2.47,2.37,2.61,2.57,2.42,2.88,2.29,2.45,2.62,2.26,2.08,2.53
T_12,2.18,2.00,2.42,2.41,2.49,2.71,2.33,2.44,2.87,2.08,2.66,2.42,3.00,2.65,2.73,2.88,2.16,2.68,2.22,2.20,2.81,2.55,2.88,2.68,2.30,2.56,2.11,2.77,2.53,2.50,2.43,2.50
T_13,2.27,2.13,2.48,2.46,2.50,2.62,2.54,2.73,2.73,2.09,2.57,2.32,2.77,2.60,2.59,2.73,2.45,2.69,2.16,2.27,2.26,2.01,2.48,2.39,2.69,2.83,2.34,2.47,2.34,2.04,2.03,2.80
T_14,2.23,2.31,2.40,2.22,2.69,2.68,2.44,2.50,2.52,2.26,2.40,2.14,2.68,2.48,2.49,2.78,2.41,2.60,2.27,2.40,2.57,2.35,2.60,2.28,2.50,2.56,2.23,2.55,2.37,2.11,2.14,1.90
T_15,2.49,2.09,2.50,2.51,2.70,2.50,2.30,2.38,2.58,2.34,2.11,2.36,2.75,2.80,2.61,2.49,2.34,2.75,2.71,2.41,2.57,2.19,2.71,2.46,2.55,2.74,2.25,2.54,2.43,2.00,2.37,2.37
T_16,2.36,2.22,2.63,2.48,2.49,2.50,2.37,2.58,2.53,2.00,2.25,2.57,2.67,2.13,2.36,2.62,2.53,2.86,2.47,2.59,2.38,2.21,2.57,2.72,2.41,2.90,2.51,2.62,2.55,2.21,2.40,2.41
T_17,2.62,1.96,2.35,2.24,2.80,2.78,2.67,2.51,2.51,2.12,2.29,2.31,2.47,2.46,2.64,2.78,2.33,2.85,2.49,2.43,2.79,2.40,2.46,2.11,2.34,2.49,2.36,2.48,2.46,2.12,2.42,2.36
T_18,2.45,2.29,2.67,2.40,2.58,2.76,2.41,2.36,2.51,2.38,2.67,2.00,2.78,2.66,2.23,2.60,2.34,2.72,2.31,2.29,2.60,2.35,2.64,2.39,2.55,3.01,1.85,2.25,2.41,2.33,2.37,2.58
T_19,2.31,2.38,2.62,2.15,2.70,2.83,2.37,2.30,2.37,2.02,2.62,2.28,2.83,2.38,2.62,2.50,2.23,2.68,2.37,2.44,2.28,2.32,2.57,2.37,2.68,2.60,2.10,2.52,2.54,2.45,2.46,2.24
T_20,2.20,2.09,2.60,2.57,2.60,2.83,2.48,2.54,2.49,2.11,2.32,2.46,2.73,2.61,2.75,2.39,2.56,2.79,2.57,2.34,2.68,2.59,2.59,2.65,2.42,2.78,2.17,2.57,2.38,2.30,2.13,2.34
T_21,2.29,2.21,2.44,2.24,2.44,2.68,2.43,2.27,2.55,2.10,2.36,2.20,2.34,2.42,2.54,2.42,2.33,2.68,2.16,2.54,2.54,2.57,2.57,2.64,2.59,3.01,2.25,2.43,2.56,2.42,2.54,2.51
T_22,2.51,1.76,2.72,2.48,2.44,2.41,2.56,2.22,2.56,2.08,2.48,2.31,2.69,2.03,2.56,2.63,2.37,2.28,1.94,2.40,2.75,2.21,2.93,2.35,2.97,2.79,2.17,2.50,2.18,2.32,1.94,2.19
T_23,2.47,2.31,2.67,2.47,2.38,2.63,2.63,2.75,2.21,2.11,2.39,2.23,2.61,2.35,2.16,2.26,2.44,2.78,2.15,2.52,2.38,2.16,2.70,2.39,2.66,2.63,2.24,2.63,2.52,2.42,2.22,2.29
T_24,2.35,2.34,2.85,2.58,2.40,2.68,2.27,2.47,2.54,2.69,2.53,2.63,2.75,2.44,2.46,2.57,2.56,2.90,2.44,2.47,2.52,2.32,2.67,2.49,2.55,2.79,2.10,2.40,2.35,2.39,2.57,2.50
T_25,2.46,2.28,2.76,2.45,2.66,2.62,2.78,2.47,2.66,2.11,2.49,2.29,2.41,2.29,2.43,2.43,2.54,2.47,2.27,2.42,2.43,2.12,2.63,2.30,2.75,2.95,2.24,2.31,2.47,2.11,2.23,2.56
T_26,2.35,2.12,2.69,2.45,2.68,2.47,2.47,2.49,2.71,2.28,2.34,2.12,2.40,2.27,2.40,2.63,2.31,2.57,2.42,2.55,2.76,2.56,2.80,2.38,2.80,2.77,2.38,2.85,2.68,2.23,2.46,2.54
T_27,2.19,2.12,2.37,2.39,2.37,2.59,2.26,2.69,2.65,2.21,2.66,2.43,2.80,2.64,2.46,2.49,2.35,2.52,2.54,2.80,2.47,2.59,2.72,2.58,2.64,2.89,2.21,2.55,2.65,2.70,2.36,2.52
T_28,2.65,2.00,2.38,2.58,2.81,2.58,2.38,2.49,2.30,2.06,2.28,2.27,2.73,2.40,2.69,2.49,2.26,2.64,2.48,2.25,2.07,2.30,2.72,2.22,2.41,2.90,2.23,2.59,2.28,2.38,2.28,2.28
T_29,2.43,2.26,2.44,2.27,2.93,2.58,2.45,2.82,2.48,2.38,2.32,2.75,2.53,2.74,2.55,2.50,2.29,2.54,2.36,2.83,2.56,2.41,2.74,2.77,2.59,2.73,2.22,2.81,2.51,2.40,2.43,2.62
T_30,2.23,2.34,2.57,2.34,2.45,2.41,2.29,2.48,2.44,2.41,2.36,2.45,2.60,2.48,2.28,2.43,2.25,2.64,2.38,2.73,2.57,2.29,2.85,2.43,2.77,2.65,2.32,2.61,2.52,2.40,2.27,2.67
T_31,2.10,2.40,2.77,2.15,2.28,2.54,2.65,2.80,2.65,2.19,2.25,2.20,2.89,2.35,2.57,2.57,2.46,2.99,2.30,2.64,2.09,2.17,2.56,2.51,2.52,2.96,2.14,2.43,2.51,2.19,2.53,2.64
T_32,2.52,2.41,2.54,2.29,2.78,2.80,2.47,2.66,2.71,2.39,2.56,2.46,2.68,2.23,2.46,2.73,2.63,2.77,2.10,2.32,2.32,2.52,2.59,2.38,2.53,3.09,2.13,2.45,2.45,2.28,2.47,2.51
T_33,2.41,2.31,2.64,2.62,2.32,2.80,2.18,2.42,2.52,2.06,2.56,2.65,2.52,2.43,2.32,2.57,2.82,2.79,2.17,2.35,2.23,2.29,2.76,2.25,2.59,2.83,2.26,2.30,2.56,2.40,2.09,2.10
T_34,2.59,2.26,2.40,2.43,2.49,2.67,2.56,2.36,2.16,2.34,2.39,2.35,2.51,2.68,2.55,2.74,2.81,2.70,2.19,2.42,2.73,2.23,2.65,2.60,2.43,2.79,2.37,2.62,2.44,2.54,2.24,2.66
T_35,2.63,2.21,2.68,2.39,2.47,2.83,2.41,2.53,2.37,2.32,2.32,2.53,2.58,2.57,2.28,2.46,2.62,2.76,2.48,2.43,2.69,2.25,2.52,2.56,2.71,2.75,2.52,2.72,2.85,2.30,2.17,2.47
T_36,2.76,2.30,2.92,2.40,2.51,2.66,2.36,2.44,2.63,2.48,2.47,2.71,2.76,2.50,2.80,2.67,2.67,2.75,2.54,2.67,2.53,2.13,2.69,2.23,2.59,2.97,2.03,2.61,2.62,2.37,2.32,2.40
T_37,2.38,2.49,2.74,2.42,2.63,2.43,2.54,2.56,2.41,2.24,2.56,2.32,2.63,2.46,2.65,2.70,2.68,2.64,2.44,2.69,2.56,2.12,2.66,2.46,2.20,2.82,2.27,2.58,2.58,2.23,2.20,2.56
T_38,2.56,2.06,2.44,2.43,2.54,2.38,2.44,2.55,2.55,2.26,2.57,2.45,2.92,2.39,2.70,2.67,2.36,2.77,2.50,2.56,2.80,2.21,2.56,2.36,2.56,3.21,2.04,2.48,2.38,2.75,2.14,2.58
T_39,2.41,2.14,2.73,2.64,2.88,2.71,2.42,2.51,2.30,2.38,2.42,2.45,2.68,2.39,2.59,2.48,2.42,2.54,2.43,2.62,2.30,2.32,3.03,2.38,2.44,2.64,2.36,2.22,2.62,2.43,2.32,2.64
T_40,2.16,2.57,2.66,2.40,2.42,2.40,2.52,2.46,2.29,2.20,2.48,2.63,2.83,2.53,2.53,2.18,2.59,2.79,2.22,2.61,2.90,2.49,2.58,2.58,2.86,2.90,2.33,2.60,2.56,2.29,2.46,2.58
T_41,2.57,2.29,2.75,2.34,2.81,2.23,2.71,2.62,2.45,2.28,2.80,2.63,2.59,2.67,2.56,2.54,2.48,2.86,2.30,2.58,2.38,2.19,2.82,2.70,2.45,2.57,2.23,2.46,2.54,2.05,2.24,2.14
T_42,2.42,2.05,2.81,2.45,2.68,2.47,2.49,2.47,2.76,2.49,2.46,2.36,2.90,2.72,2.61,2.55,2.55,2.48,2.25,2.43,2.49,2.18,2.44,2.42,2.57,2.67,2.36,2.73,2.27,2.29,2.39,2.09
T_43,2.38,2.27,2.55,2.33,2.54,2.85,2.25,2.37,2.50,2.18,2.33,2.44,2.42,2.42,2.62,2.31,2.59,2.90,2.62,2.38,2.35,2.55,2.79,2.31,2.82,2.63,2.22,2.72,2.18,2.49,2.70,2.49
T_44,2.42,1.91,2.50,2.50,2.51,3.03,2.51,2.29,2.60,2.02,2.72,2.60,2.72,2.34,2.71,2.39,2.06,2.73,2.23,2.72,2.53,2.29,2.46,2.52,2.60,2.97,2.25,2.55,2.64,2.47,2.16,2.45
T_45,2.31,2.33,2.65,2.67,2.50,2.65,2.47,2.50,2.41,2.05,2.51,2.65,2.72,2.54,2.63,2.63,2.31,2.99,2.38,2.49,2.58,2.41,3.07,2.57,2.46,2.98,2.28,2.84,2.50,2.30,1.98,2.46
T_46,2.67,2.26,2.54,2.46,2.64,2.74,2.67,2.79,2.55,2.17,2.52,2.62,3.02,2.17,2.63,2.69,2.40,2.58,2.50,2.44,2.45,2.43,2.42,2.44,2.42,2.97,2.38,2.50,2.29,2.36,1.97,2.32
T_47,2.82,2.39,2.84,2.24,2.60,2.41,2.32,2.61,2.35,2.24,2.40,2.46,2.35,2.95,2.74,2.44,2.59,2.86,2.45,2.40,2.75,2.34,2.60,2.37,2.61,2.88,2.50,2.45,2.62,2.39,2.09,2.45
T_48,2.59,2.37,2.49,2.45,2.48,2.75,2.44,2.63,2.46,2.31,2.46,2.76,2.79,2.84,2.43,2.61,2.59,2.89,2.44,2.72,2.53,2.19,2.87,2.40,2.53,3.08,2.33,2.47,2.47,2.24,1.98,2.48
T_49,2.35,2.21,2.85,2.54,2.54,2.57,2.45,2.42,2.46,2.33,2.08,2.17,2.70,2.58,2.33,2.39,2.35,2.80,2.14,2.56,2.95,2.26,2.40,2.36,2.58,2.85,1.93,2.60,2.12,2.13,2.33,2.48
T_50,2.16,2.36,2.37,2.19,2.40,2.67,2.36,2.61,2.49,2.41,2.50,2.61,2.99,2.42,2.43,2.41,2.43,2.58,2.55,2.65,2.79,2.31,2.70,2.52,2.63,2.89,2.46,2.86,2.43,2.50,2.08,2.51
T_51,2.62,1.99,2.53,1.99,2.37,2.72,2.35,2.42,2.54,1.83,2.12,2.49,2.80,2.61,2.64,2.54,2.40,2.55,2.36,2.78,2.30,2.43,2.48,2.48,2.62,3.11,2.16,2.48,2.47,2.62,2.32,2.79
T_52,2.27,2.49,2.62,2.37,2.64,2.79,2.38,2.62,2.28,2.14,2.15,2.66,2.74,2.26,2.32,2.42,2.39,2.79,2.18,2.37,2.23,2.22,2.72,2.41,2.46,2.69,2.03,2.51,2.49,2.37,2.18,2.49
T_53,2.37,2.01,2.66,2.35,2.47,2.65,2.65,2.55,2.51,2.20,2.36,2.31,2.42,2.86,2.47,2.73,2.48,2.63,2.06,2.63,2.49,2.35,2.59,2.45,2.57,2.64,2.00,2.28,2.35,2.35,2.40,2.49
T_54,2.51,2.00,2.31,2.34,2.22,2.70,2.60,2.44,2.51,2.36,2.37,2.31,2.45,2.44,2.34,2.41,2.30,2.47,2.29,2.47,2.58,2.10,2.45,2.42,2.68,2.75,2.22,2.14,2.22,2.29,2.43,2.09
T_55,2.33,1.90,2.52,2.49,2.86,2.27,2.14,2.53,2.42,2.29,2.19,2.36,2.29,2.69,2.59,2.58,2.63,2.62,2.24,2.46,2.42,2.36,2.93,2.42,2.63,3.02,2.41,2.79,2.44,2.45,2.50,2.58
T_56,2.38,2.23,2.53,2.49,2.58,2.85,2.38,2.65,2.50,2.37,2.56,2.56,2.85,2.44,2.45,2.62,2.68,2.71,2.20,2.77,2.24,2.55,2.63,2.20,2.39,2.55,2.29,2.41,2.75,2.24,2.28,2.25
T_57,2.34,2.13,2.26,2.32,2.75,2.48,2.61,2.76,2.18,2.42,2.45,2.47,2.52,2.36,2.36,2.52,2.41,2.59,2.24,2.51,2.48,2.16,2.83,2.36,2.78,2.97,2.54,2.41,2.40,2.07,2.30,2.49
T_58,2.29,2.55,2.49,2.54,2.49,2.26,2.25,2.59,2.42,2.11,2.29,2.20,2.43,2.17,2.57,2.64,2.42,2.34,2.17,2.43,2.51,2.27,2.48,2.70,2.53,2.62,2.21,2.51,2.34,2.29,2.32,2.11
T_59,2.50,2.33,2.74,2.34,2.60,2.94,2.43,2.61,2.77,2.12,2.58,2.76,2.87,2.31,2.46,2.50,2.55,2.46,2.43,2.65,2.52,2.37,2.88,2.45,2.69,2.69,2.25,2.52,2.40,2.33,2.11,2.59
T_60,2.36,2.16,2.61,2.25,2.28,2.46,2.75,2.66,2.15,2.05,2.18,2.52,2.35,2.46,2.32,2.53,2.55,2.57,2.31,2.36,2.45,2.15,2.85,2.54,2.40,3.06,2.42,2.54,2.56,2.12,2.14,2.60
T_61,2.59,2.20,2.58,2.48,2.41,2.51,2.48,2.41,2.63,2.39,2.61,2.60,2.42,2.48,2.84,2.39,2.61,2.72,2.20,2.57,2.43,2.10,2.59,2.33,2.41,2.66,2.23,2.82,2.30,2.60,2.27,2.25
T_62,2.36,2.20,2.46,2.09,2.43,2.15,2.38,2.61,2.81,2.39,2.55,2.44,2.64,2.35,2.62,2.57,2.17,2.56,2.33,2.58,2.55,2.02,2.47,2.57,2.58,2.41,2.32,2.50,2.38,2.52,2.39,2.37
T_63,2.46,2.26,2.73,2.30,2.63,2.66,2.22,2.38,2.75,2.09,2.52,2.38,2.51,2.72,2.42,2.50,2.32,2.53,2.64,2.45,2.35,2.41,2.38,2.28,2.64,2.71,2.39,2.56,2.32,2.17,2.36,2.24
T_64,2.41,2.36,2.44,2.41,2.58,2.76,2.43,2.64,2.54,2.33,2.20,2.26,2.71,2.08,2.61,2.28,2.37,2.87,2.27,2.57,2.47,2.30,2.69,2.29,2.69,2.79,2.30,2.64,2.43,2.41,2.25,2.44
T_65,2.17,2.18,2.62,2.44,2.62,2.51,2.35,2.28,2.61,2.36,2.45,2.35,2.57,2.29,2.71,2.60,2.50,2.87,2.32,2.18,2.72,2.21,2.54,2.58,2.57,3.08,2.44,2.49,2.26,2.35,2.27,2.57
T_66,2.54,2.05,2.58,2.41,2.53,2.56,2.43,2.80,2.56,2.16,2.36,2.42,2.46,2.63,2.45,2.48,2.64,2.87,1.96,2.75,2.36,2.50,2.74,2.65,2.74,2.84,2.62,2.15,2.53,2.48,2.59,2.45
T_67,2.43,2.23,2.46,2.22,2.55,2.64,2.35,2.48,2.39,2.31,2.62,2.45,2.67,2.59,2.59,2.58,2.35,2.66,2.37,2.42,2.60,2.35,2.47,2.10,2.30,2.74,2.26,2.69,2.58,2.73,2.46,2.65
T_68,2.78,2.23,2.33,2.34,2.60,2.46,2.46,2.63,2.29,2.19,2.32,2.49,2.69,2.53,2.68,2.83,2.37,2.53,2.32,2.59,2.65,2.15,2.67,2.47,3.02,2.77,2.34,2.55,2.42,2.38,2.28,2.54
T_69,2.64,2.37,2.58,2.53,2.69,2.48,2.43,2.38,2.42,2.21,2.43,2.55,2.58,2.41,2.65,2.48,2.54,2.91,2.24,2.44,2.48,2.43,2.68,2.29,2.72,2.77,2.36,2.51,2.32,2.36,2.31,2.48
T_70,2.27,2.36,2.73,2.34,2.47,2.51,2.50,2.58,2.93,2.33,2.84,2.33,2.66,2.62,2.69,2.52,2.34,2.50,1.99,2.41,2.51,2.35,2.64,2.14,2.61,2.73,1.93,2.33,2.32,2.36,2.01,2.48
T_71,2.47,2.14,2.28,2.54,2.29,2.60,2.41,2.41,2.23,2.17,2.59,2.24,2.73,2.49,2.54,2.58,2.43,2.75,2.36,2.74,2.37,2.54,2.73,2.51,2.69,2.75,1.93,2.41,2.26,2.43,2.30,2.34
T_72,2.38,1.93,2.69,2.42,2.83,2.66,2.48,2.39,2.48,2.33,2.51,2.45,2.85,2.70,2.44,2.28,2.16,3.18,2.36,2.24,2.31,2.32,2.52,2.44,2.59,2.64,2.06,2.50,2.52,2.48,2.40,2.23
T_73,2.58,2.07,2.74,2.53,2.56,2.75,2.62,2.34,2.59,2.32,2.40,2.32,2.77,2.40,2.63,2.47,2.29,2.82,2.37,2.51,2.52,2.03,2.68,2.30,2.60,2.85,2.39,2.53,2.56,2.29,2.07,2.39
T_74,2.36,2.42,2.56,2.43,2.58,2.47,2.89,2.50,2.43,2.19,2.58,2.42,2.60,2.26,2.15,2.73,2.34,2.71,2.22,2.32,2.39,2.21,2.59,2.66,2.60,2.54,2.56,2.66,2.34,2.42,2.10,2.45
T_75,2.43,2.08,2.54,2.70,2.62,2.70,2.21,2.53,2.52,2.41,2.37,2.49,2.63,2.52,2.35,2.58,2.31,2.72,2.19,2.73,2.35,2.20,2.73,2.50,2.67,2.60,2.11,2.50,2.28,2.08,2.19,2.68
T_76,2.35,2.41,2.39,2.43,2.45,2.48,2.37,2.49,2.43,1.90,2.65,2.23,2.39,2.67,2.50,2.60,2.59,2.73,2.21,2.97,2.66,2.25,2.60,2.79,2.58,2.66,2.24,2.49,2.85,2.33,2.34,2.50
T_77,2.41,2.10,2.45,2.37,2.29,2.42,2.62,2.60,2.27,2.17,2.20,2.33,2.53,2.58,2.41,2.36,2.33,2.85,2.42,2.49,2.39,2.30,2.86,2.25,2.79,2.73,2.24,2.11,2.48,2.48,2.04,2.36
T_78,2.41,2.32,2.49,2.25,2.53,2.52,2.27,2.28,2.34,2.29,2.47,2.33,2.63,2.33,2.28,2.32,2.62,2.75,2.15,2.61,2.62,2.20,2.79,2.60,2.57,3.00,2.28,2.70,2.30,2.52,2.12,2.53
T_79,2.38,2.23,2.39,2.35,2.54,2.43,2.46,2.47,2.32,2.32,2.61,2.59,2.58,2.82,2.52,2.33,2.32,2.75,2.24,2.51,2.49,2.40,2.85,2.25,2.46,2.64,1.94,2.46,2.49,2.41,2.38,2.45
T_80,2.46,1.94,2.28,2.47,2.58,2.73,2.53,2.40,2.63,2.05,2.62,2.49,2.98,2.55,2.72,2.50,2.52,2.65,2.33,2.73,2.51,2.18,2.82,2.22,2.58,2.67,1.98,2.60,2.60,2.35,2.39,2.55
T_81,2.33,2.38,2.81,2.35,2.51,2.46,2.42,2.81,2.27,2.41,2.58,2.47,2.48,2.40,2.76,2.61,2.43,2.88,2.45,2.48,2.64,2.54,2.66,2.17,2.54,2.71,2.31,2.43,2.34,2.18,2.37,2.51
T_82,2.35,2.20,2.46,2.67,2.46,2.11,2.60,2.76,2.22,2.17,2.56,2.45,2.77,2.49,2.68,2.60,2.21,2.65,2.33,2.44,2.44,2.34,2.46,2.50,2.33,2.47,2.15,2.38,2.47,2.47,2.13,2.58
T_83,2.23,2.33,2.82,2.32,2.49,2.39,2.53,2.44,2.56,2.33,2.26,2.53,2.28,2.32,2.63,2.42,2.26,2.62,2.28,2.26,2.25,2.33,2.67,2.50,2.53,2.92,2.38,2.56,2.38,2.31,2.17,2.27
T_84,2.33,1.83,2.67,2.65,2.52,2.37,2.49,2.73,2.42,2.22,2.39,2.61,2.50,2.41,2.51,2.56,2.45,2.62,2.18,2.54,2.59,2.07,2.25,2.35,2.52,2.74,2.17,2.46,2.02,2.08,2.03,2.37
T_85,2.65,2.23,2.63,2.35,2.46,2.66,2.23,2.54,2.30,2.32,2.39,2.75,2.63,2.43,2.07,2.67,2.43,2.80,2.24,2.43,2.24,2.45,2.72,2.56,2.64,2.64,2.35,2.43,2.21,2.38,2.24,2.63
T_86,2.28,2.23,2.88,2.42,2.52,2.37,2.48,2.50,2.58,1.99,2.40,2.18,2.39,2.14,2.32,2.27,2.20,2.98,2.29,2.64,2.19,2.30,2.88,2.32,2.81,2.71,2.13,2.81,2.52,2.31,2.20,2.50
T_87,2.38,2.29,2.67,2.50,2.59,2.62,2.50,2.21,2.57,2.26,2.69,2.60,2.60,2.65,2.94,2.69,2.44,2.75,2.23,2.57,2.27,2.15,2.67,2.30,2.79,2.75,2.36,2.48,2.32,2.46,2.05,2.51
T_88,2.26,1.89,2.54,2.52,2.63,2.56,2.43,2.39,2.55,2.09,2.30,2.44,2.39,2.39,2.61,2.51,2.32,2.49,2.22,2.54,2.49,2.22,2.62,2.46,2.43,2.75,2.16,2.42,2.51,2.14,2.22,2.26
T_89,2.44,2.20,2.53,2.66,2.73,2.61,2.29,2.50,2.67,2.15,2.37,2.58,2.81,2.59,2.35,2.26,1.90,2.78,2.22,2.40,2.57,2.37,2.85,2.47,2.48,3.00,2.02,2.64,2.10,2.22,2.14,2.36
T_90,2.57,2.30,2.51,2.44,2.51,2.80,2.67,2.58,2.38,2.25,2.33,2.30,2.59,2.36,2.59,2.57,2.59,2.95,2.53,2.28,2.60,2.36,2.77,2.49,2.95,2.91,2.24,2.47,2.50,2.47,2.47,2.38
T_91,2.49,2.04,2.72,2.13,2.71,2.57,2.60,2.55,2.48,2.17,2.44,2.40,2.88,2.49,2.31,2.45,2.43,2.64,2.25,2.51,2.59,2.30,2.54,2.58,2.55,2.59,2.36,2.60,2.50,2.31,2.39,2.59
T_92,2.40,2.26,2.17,2.36,2.18,2.73,2.33,2.51,2.47,2.44,2.21,2.72,2.55,2.64,2.44,2.79,2.27,2.52,2.57,2.42,2.61,2.37,2.72,2.15,2.63,2.70,1.92,2.44,2.56,2.30,2.25,2.59
T_93,2.54,2.12,2.64,2.55,2.55,2.73,2.51,2.61,2.35,2.52,2.28,2.65,2.54,2.57,2.45,2.43,2.61,2.63,2.30,2.50,2.57,2.27,2.63,2.52,2.34,2.74,2.43,2.17,2.61,2.28,2.36,2.34
T_94,2.39,2.15,2.58,2.48,2.43,2.54,2.32,2.42,2.48,1.83,2.31,2.22,2.70,2.41,2.50,2.59,2.50,2.59,2.41,2.74,2.84,2.22,2.78,2.41,2.60,2.90,2.55,2.41,2.53,2.43,2.28,2.34
T_95,2.51,1.92,2.30,2.22,2.64,2.54,2.42,2.34,2.42,2.44,2.34,2.26,2.65,2.84,2.60,2.57,2.21,2.93,2.40,2.31,2.36,2.57,2.83,2.52,2.68,2.78,2.11,2.64,2.62,2.48,2.34,2.33
T_96,2.30,2.10,2.76,2.42,2.48,2.60,2.42,2.56,2.55,2.39,2.27,2.70,2.54,2.59,2.50,2.36,2.70,2.88,2.36,2.63,2.34,2.14,2.71,2.61,2.77,2.82,2.18,2.52,2.50,1.98,2.32,2.68
T_97,2.28,1.95,2.59,2.21,2.41,2.43,2.50,2.60,2.50,2.47,2.49,2.49,2.66,2.28,2.67,2.60,2.57,2.90,2.23,2.29,2.49,2.23,2.81,2.62,2.57,2.77,2.45,2.43,2.49,2.45,2.34,2.26
T_98,2.81,2.35,2.50,2.21,2.41,2.40,2.28,2.29,2.26,2.21,2.24,2.26,2.33,2.24,2.45,2.60,2.35,2.59,2.19,2.55,2.53,2.22,2.46,2.16,2.59,2.82,2.06,2.57,2.31,2.20,2.31,2.38
T_99,2.40,2.43,2.84,2.30,2.77,2.64,2.53,2.68,2.56,2.12,2.45,2.26,2.79,2.53,2.33,1.99,2.25,2.54,2.20,2.46,2.42,2.52,2.70,2.49,2.55,2.77,2.31,2.41,2.38,2.10,2.30,2.51
T_100,2.52,2.51,2.33,2.19,2.64,2.53,2.42,2.49,2.98,2.60,2.53,2.61,2.60,2.27,2.70,2.59,2.55,2.68,2.49,2.32,2.64,2.35,2.63,2.37,2.40,2.76,1.84,2.65,2.44,2.36,2.08,2.38
T_101,2.37,2.12,2.62,2.42,2.71,2.65,2.41,2.48,2.78,2.24,2.59,2.47,2.91,2.45,2.23,2.71,2.49,2.56,2.27,2.69,2.68,2.34,2.70,2.48,2.96,2.72,2.33,2.48,2.60,2.47,2.51,2.52
T_102,2.57,2.26,2.65,2.30,2.84,2.58,2.16,2.43,2.41,2.06,2.39,2.48,2.79,2.55,2.49,2.87,2.77,2.73,2.43,2.63,2.40,2.38,2.74,2.51,2.82,2.71,2.52,2.66,2.57,2.26,2.36,2.54
T_103,2.11,2.19,2.51,2.34,2.42,2.69,2.41,2.68,2.38,2.13,2.40,2.44,2.64,2.30,2.13,2.24,2.82,2.64,2.48,2.56,2.57,2.20,2.55,2.53,2.82,2.75,2.40,2.58,2.71,2.41,2.44,2.41
T_104,2.26,2.12,2.73,2.41,2.70,2.61,2.64,2.49,2.56,2.24,2.49,2.56,2.43,2.56,2.28,2.52,2.39,2.86,2.44,2.61,2.29,2.01,2.94,2.51,2.53,2.69,2.06,2.48,2.24,2.30,2.31,2.78
T_105,2.35,2.05,2.50,2.44,2.42,2.86,2.49,2.74,2.45,2.28,2.53,2.44,2.38,2.47,2.63,2.49,2.37,2.97,2.27,2.18,2.55,2.29,2.94,2.36,2.55,3.08,2.21,2.27,2.37,2.25,2.26,2.53
T_106,2.58,2.38,2.20,2.31,2.70,2.36,2.64,2.37,2.65,2.42,2.29,2.27,2.38,2.37,2.47,2.38,2.17,2.67,2.25,2.34,2.48,2.19,2.73,2.30,2.62,2.73,2.06,2.43,2.71,2.07,2.24,2.43
T_107,2.46,2.18,2.39,2.46,2.82,2.63,2.58,2.40,2.33,1.98,2.50,2.19,2.64,2.46,2.51,2.23,2.42,2.85,2.40,2.52,2.41,2.35,2.64,2.45,2.46,2.74,2.42,2.44,2.32,2.38,2.41,2.13
T_108,2.22,2.26,2.61,2.10,2.22,2.72,2.45,2.60,2.82,2.27,2.36,2.28,2.29,2.41,2.44,2.55,2.25,2.77,2.09,2.38,2.46,2.30,2.64,2.64,2.57,2.79,2.04,2.52,2.34,1.92,2.19,2.35
T_109,2.38,2.07,2.48,2.17,2.84,2.31,2.44,2.60,2.14,2.26,2.46,2.56,2.47,2.43,2.89,2.73,2.29,2.45,2.44,2.23,2.21,2.44,2.60,2.25,2.83,2.13,2.02,2.40,2.16,2.32,2.37,2.58
T_110,2.46,2.27,2.62,2.47,2.44,2.67,2.74,2.52,2.46,2.45,2.75,2.64,2.80,2.72,2.21,2.53,2.03,2.85,2.18,2.61,2.51,2.30,2.66,2.34,2.45,2.72,2.22,2.18,2.54,2.55,2.16,2.50
T_111,2.23,2.03,2.54,2.37,2.54,2.70,2.63,2.59,2.48,2.59,2.49,2.55,2.63,2.51,2.33,2.39,2.49,2.83,2.67,2.43,2.33,2.20,2.68,2.37,2.26,2.68,2.38,2.57,2.16,2.31,2.33,2.44
T_112,2.47,1.94,2.54,2.29,2.62,2.71,2.41,2.30,2.50,2.19,2.53,2.36,2.98,2.40,2.78,2.55,2.33,2.60,2.16,2.05,2.37,2.28,2.56,2.41,2.56,2.56,2.29,2.39,2.23,2.36,2.09,2.44
T_113,2.77,2.27,2.74,2.40,2.51,2.54,2.54,2.45,2.20,2.43,2.31,2.12,2.54,2.48,2.61,2.62,2.44,2.65,2.19,2.59,2.64,2.27,2.67,2.32,2.17,2.71,2.08,2.57,2.37,2.16,2.35,2.17
T_114,2.53,2.12,2.42,2.52,2.60,2.62,2.68,2.70,2.46,2.56,2.45,2.21,2.69,2.33,2.46,2.53,2.55,2.82,2.38,2.51,2.34,2.18,2.83,2.38,2.52,2.90,2.34,2.64,2.47,2.24,2.10,2.47
T_115,2.38,2.19,2.52,2.21,2.72,2.49,2.51,2.63,2.54,2.34,2.56,2.57,2.76,2.48,2.69,2.60,2.39,2.65,2.62,2.32,2.94,2.31,2.70,2.45,2.62,2.58,1.97,2.40,2.54,2.21,2.12,2.25
T_116,2.29,2.12,2.60,2.39,2.73,2.95,2.38,2.72,2.64,2.23,2.34,2.53,2.34,2.67,2.41,2.29,2.26,2.48,2.20,2.36,2.33,2.21,2.34,2.19,2.34,2.92,2.17,2.39,2.64,2.29,2.42,2.38
T_117,2.43,2.23,2.54,2.45,2.70,2.30,2.59,2.33,2.63,2.18,2.18,2.24,2.47,2.32,2.60,2.36,2.75,2.82,2.52,2.48,2.57,2.40,2.58,2.41,2.62,2.50,2.44,2.44,2.64,2.33,2.23,2.43
T_118,2.35,2.11,2.65,2.27,2.33,2.54,2.44,2.38,2.56,2.35,2.36,2.51,2.73,2.72,2.35,2.54,2.38,2.76,2.77,2.52,2.63,2.44,2.89,2.38,2.62,2.90,2.42,2.49,2.21,2.54,2.50,2.81
T_119,2.89,2.37,2.45,2.26,2.96,2.62,2.48,2.59,2.47,2.42,2.33,2.66,2.81,2.29,2.79,2.28,2.37,2.64,2.03,2.50,2.54,1.97,2.39,2.25,2.48,2.76,2.20,2.49,2.67,2.35,2.15,2.45
T_120,2.32,2.24,2.68,2.43,2.93,2.70,2.36,2.62,2.44,1.97,2.20,2.47,2.53,2.40,2.62,2.19,2.39,2.63,2.36,2.44,2.62,2.10,2.73,2.45,2.34,2.80,2.24,2.52,2.42,2.21,2.44,2.39
T_121,2.43,1.99,2.48,2.41,2.65,2.60,2.14,2.46,2.60,2.21,2.44,2.09,2.50,2.34,2.57,2.62,2.23,2.50,2.49,2.53,2.67,2.33,2.75,2.59,2.81,2.73,2.46,2.19,2.58,2.22,2.39,2.47
T_122,2.32,2.33,2.61,2.54,2.61,2.55,2.33,2.59,2.59,2.21,2.40,2.29,2.83,3.01,2.78,2.53,2.48,2.61,2.32,2.55,2.35,2.10,2.73,2.33,2.30,2.69,2.31,2.76,2.58,2.40,2.38,2.35
T_123,2.18,2.01,2.42,2.37,2.65,2.72,2.31,2.35,2.23,2.12,2.46,2.22,2.38,2.18,2.53,2.39,2.44,2.83,2.54,2.65,2.48,2.38,2.97,2.69,2.74,2.92,2.51,2.57,2.82,2.14,2.25,2.41
T_124,2.28,2.36,2.41,2.46,2.37,2.58,2.61,2.44,2.48,2.37,2.28,2.48,2.66,2.42,2.66,2.48,2.11,2.59,2.42,2.42,2.36,2.41,2.85,2.28,2.57,2.77,2.11,2.38,2.58,2.45,2.37,2.78
T_125,2.37,2.54,2.38,2.42,2.67,2.55,2.55,2.45,2.58,2.11,2.47,2.15,2.76,2.76,2.66,2.65,2.34,3.00,2.13,2.51,2.74,2.22,2.73,2.50,2.33,2.83,2.33,2.49,2.37,2.11,2.39,2.53
T_126,2.48,2.21,2.60,2.19,2.55,2.41,2.32,2.55,2.32,2.05,2.22,2.54,2.58,2.53,2.46,2.36,2.16,2.57,2.22,2.56,2.43,2.35,2.64,2.51,2.59,2.38,2.08,2.19,2.48,2.40,2.43,2.19
T_127,2.61,2.23,2.51,2.21,2.59,2.60,2.33,2.45,2.43,2.22,2.50,2.46,2.80,2.25,2.39,2.45,2.48,2.66,2.36,2.58,2.32,2.19,2.50,2.17,2.72,2.90,2.34,2.22,2.31,2.30,2.33,2.45
T_128,2.10,2.08,2.63,2.58,2.54,2.54,2.49,2.75,2.64,2.30,2.41,2.21,2.81,2.44,2.71,2.92,2.52,2.57,2.20,2.38,2.72,2.34,2.49,2.54,2.77,2.86,2.15,2.40,2.34,2.24,2.23,2.49
T_129,2.25,1.92,2.49,2.28,2.62,2.41,2.60,2.60,2.62,2.27,2.68,2.14,2.74,2.56,2.65,2.71,2.36,2.51,2.31,2.34,2.46,2.39,2.75,2.26,2.51,2.68,2.12,2.86,2.51,2.24,2.45,2.14
T_130,2.49,2.38,2.47,2.20,2.63,2.74,2.31,2.63,2.51,2.07,2.41,2.69,2.64,2.29,2.39,2.29,2.56,2.85,2.37,2.63,2.50,2.44,2.72,2.49,2.57,2.64,2.32,2.49,2.31,2.40,2.27,2.48
T_131,2.25,2.35,2.64,2.09,2.61,2.61,2.61,2.37,2.38,1.92,2.53,2.40,2.72,2.43,2.32,2.41,2.26,2.49,2.14,2.39,2.21,2.49,2.61,2.64,2.39,2.87,2.20,2.45,2.62,2.09,2.22,2.24
T_132,2.19,2.37,2.38,2.15,2.76,2.27,2.49,2.58,3.00,2.27,2.59,2.65,2.87,2.46,2.49,2.87,2.56,2.68,2.37,2.69,2.49,2.29,2.64,2.49,2.35,2.69,2.42,2.25,2.46,2.46,2.39,2.42
T_133,2.42,2.07,2.51,2.59,2.52,2.52,2.29,2.52,2.40,2.64,2.71,2.43,2.82,2.35,2.27,2.46,2.20,2.58,2.20,2.37,2.52,2.43,2.56,2.42,2.40,2.89,2.32,2.34,2.08,2.28,2.26,2.46
T_134,2.38,2.28,2.89,2.29,2.56,2.31,2.67,2.59,2.61,1.96,2.57,2.24,2.57,2.53,2.78,2.71,2.24,2.87,2.27,2.55,2.22,1.75,2.54,2.55,2.48,3.14,2.26,2.35,2.32,2.49,2.49,2.59
T_135,2.30,2.25,2.35,2.45,2.65,2.56,2.59,2.64,2.72,2.12,2.23,2.59,2.75,2.66,2.66,2.31,2.53,2.59,2.08,2.25,2.21,2.37,2.39,2.44,2.42,2.99,2.30,2.44,2.11,2.09,1.96,2.34
T_136,2.36,1.99,2.49,2.47,2.73,2.35,2.65,2.74,2.50,2.09,2.39,2.38,2.70,2.37,2.56,2.48,2.41,2.66,2.42,2.48,2.49,2.45,2.90,2.49,2.57,2.70,2.20,2.45,2.36,2.20,2.14,2.48
T_137,2.38,2.16,2.60,2.33,2.38,2.85,2.36,2.41,2.55,2.51,2.38,2.52,2.64,2.36,2.35,2.71,2.29,2.63,2.45,2.46,2.42,2.22,2.56,2.45,2.45,2.73,2.35,2.50,2.65,2.20,2.22,2.22
T_138,2.35,2.36,2.63,2.40,2.65,2.54,2.58,2.54,2.49,2.11,2.40,2.45,2.76,2.42,2.57,2.42,2.22,2.76,2.23,2.75,2.37,2.10,2.39,2.20,2.70,2.66,2.18,2.49,2.10,2.27,2.26,2.42
T_139,2.34,2.18,2.50,2.48,2.44,2.56,2.51,2.62,2.61,2.33,2.35,2.42,2.79,2.64,2.63,2.74,2.12,2.52,2.39,2.03,2.80,2.77,2.44,2.57,2.38,2.73,2.35,2.46,2.58,2.46,2.42,2.37
T_140,2.44,2.33,2.77,2.26,2.84,2.46,2.76,2.41,2.10,2.37,2.44,2.07,2.43,2.31,2.41,2.59,2.50,2.61,2.32,2.23,2.22,2.43,2.74,2.35,2.75,2.75,2.38,2.43,2.34,1.96,2.04,2.40
T_141,2.31,2.23,2.44,2.81,2.80,2.78,2.50,2.44,2.24,2.24,2.38,2.22,2.57,2.41,2.29,2.46,2.50,2.52,2.45,2.68,2.41,2.29,2.72,2.24,2.89,2.63,2.29,2.89,2.73,2.49,2.21,2.57
T_142,2.40,1.96,2.52,2.44,2.49,2.79,2.67,2.35,2.48,2.19,2.30,2.30,3.01,2.49,2.53,2.61,2.42,2.83,1.97,2.77,2.66,2.14,2.66,2.73,2.77,2.79,2.48,2.53,2.43,2.42,2.36,2.47
T_143,2.45,2.01,2.62,2.32,2.49,2.77,2.29,2.51,2.29,2.16,2.30,2.30,2.49,2.36,2.25,2.44,2.45,2.70,2.36,2.61,2.42,2.43,2.54,2.42,2.82,2.56,2.33,2.16,2.45,2.24,2.14,2.39
T_144,2.48,2.04,2.60,2.42,2.82,2.32,2.28,2.77,2.52,2.32,2.41,2.72,2.50,2.59,2.34,2.58,2.46,2.68,2.40,2.57,2.33,2.10,2.75,2.53,2.73,2.94,2.36,2.29,2.28,2.13,2.18,2.47
T_145,2.60,2.49,2.33,2.29,2.54,2.66,2.88,2.68,2.51,2.47,2.50,2.24,2.73,2.46,2.52,2.60,2.45,2.65,2.65,2.55,2.48,2.40,2.88,2.78,2.58,2.67,2.50,2.56,2.82,2.35,2.79,2.62
T_146,2.36,2.06,2.27,2.57,2.76,2.50,2.67,2.45,2.60,2.07,2.40,2.64,2.58,2.87,2.75,2.59,2.19,2.45,2.12,2.31,2.31,2.15,2.46,2.44,2.54,2.81,2.28,2.52,2.41,2.29,2.05,2.35
T_147,2.45,2.14,2.62,2.54,2.50,2.63,2.60,2.40,2.29,2.35,2.31,2.64,2.77,2.54,2.41,2.44,2.49,2.79,2.19,2.69,2.58,2.24,2.65,2.18,2.39,2.95,2.07,2.70,2.78,2.29,2.46,2.57
T_148,2.22,1.99,2.61,2.63,2.79,2.62,2.71,2.56,2.65,2.17,2.53,2.28,2.52,2.72,2.29,2.36,2.50,2.86,2.38,2.64,2.60,2.66,2.74,2.57,2.58,2.81,2.62,2.57,2.58,2.56,2.15,2.45
T_149,2.44,2.46,2.51,2.40,2.43,2.33,2.32,2.54,2.38,2.21,2.56,2.47,2.79,2.71,2.72,2.51,2.54,2.69,2.03,2.25,2.42,2.18,2.64,2.50,2.38,2.62,2.23,2.33,2.41,2.37,2.34,2.76
T_150,2.17,2.18,2.61,2.26,2.33,2.42,2.45,2.49,2.60,2.25,2.75,2.46,2.69,2.99,2.36,2.65,2.42,2.48,2.26,2.64,2.42,2.03,2.37,2.32,2.46,2.57,2.20,2.45,2.30,2.34,2.22,2.44
T_151,2.42,2.37,2.60,2.47,2.46,2.69,2.62,2.79,2.19,2.12,2.36,2.40,2.52,2.42,2.34,2.58,2.10,2.60,2.24,2.47,2.52,2.23,2.29,2.33,2.43,2.63,2.29,2.54,2.59,2.28,2.15,2.41
T_152,2.21,2.32,2.57,2.41,2.60,2.58,2.33,2.35,2.54,2.05,2.60,2.46,2.78,2.35,2.45,2.46,2.62,2.74,2.07,2.63,2.61,2.33,2.71,2.39,2.34,2.41,2.13,2.59,2.63,2.33,2.21,2.34
T_153,2.33,2.18,2.12,2.27,2.73,2.62,2.51,2.54,2.60,2.38,2.41,2.55,2.50,2.66,2.67,2.82,2.32,2.54,2.29,2.63,2.38,2.37,2.96,2.47,2.81,2.77,2.30,2.35,2.58,2.47,2.42,2.50
T_154,2.28,2.18,2.59,2.35,2.51,2.68,2.55,2.72,2.40,2.27,2.58,2.49,2.36,2.45,2.46,2.67,2.58,2.74,2.46,2.41,2.58,2.40,3.01,2.45,2.76,2.78,2.35,2.63,2.51,2.22,2.33,2.75
T_155,2.40,2.44,2.65,2.51,2.47,2.68,2.25,2.38,2.33,2.39,2.39,2.66,2.50,2.43,2.37,2.32,2.33,2.78,2.21,3.05,2.60,2.27,2.39,2.62,2.06,2.48,2.33,2.44,2.59,1.86,2.22,2.58
T_156,2.09,2.49,2.41,2.74,2.56,2.72,2.40,2.42,2.30,2.15,2.14,2.58,2.75,2.31,2.47,2.57,2.26,2.97,2.27,2.37,2.33,2.23,2.55,2.64,2.21,2.50,2.25,2.37,2.18,2.29,1.95,2.23
T_157,2.40,2.11,2.72,2.45,2.71,2.47,2.52,2.37,2.59,2.15,2.43,2.43,3.01,2.46,2.58,2.29,2.55,2.73,2.43,2.11,2.56,2.28,2.68,2.49,2.38,2.95,2.24,2.26,2.42,2.35,2.37,2.43
T_158,2.46,2.33,2.78,2.33,2.29,2.47,2.12,2.31,2.49,1.95,2.42,2.71,2.67,2.54,2.59,2.32,2.32,2.66,2.26,2.69,2.57,2.67,2.52,2.57,2.51,2.48,2.18,2.54,2.41,2.10,2.25,2.45
T_159,2.37,2.36,2.70,2.41,2.69,2.65,2.52,2.51,2.44,2.15,2.66,2.60,2.43,2.38,2.55,2.37,2.63,2.60,2.28,2.46,2.89,2.33,2.76,2.55,2.37,2.86,2.10,2.54,2.53,2.36,2.20,2.63
T_160,2.20,2.09,2.61,2.53,2.67,2.56,2.55,2.67,2.38,2.15,2.25,2.58,2.61,2.35,2.51,2.45,2.36,2.85,2.01,2.63,2.27,2.62,2.62,2.32,2.67,2.60,2.32,2.75,2.38,2.23,2.47,2.31
T_161,2.55,2.13,2.56,2.51,2.53,2.65,2.35,2.21,2.35,2.55,2.38,2.30,2.51,2.38,2.52,2.56,2.65,2.92,2.02,2.42,2.48,2.49,2.86,2.50,2.80,3.05,2.38,2.77,2.62,2.30,2.36,2.53
T_162,2.24,2.03,2.65,2.44,2.48,2.54,2.61,2.56,2.16,2.27,2.60,2.96,3.10,2.66,2.64,2.93,2.26,2.46,2.32,2.63,2.69,2.54,2.89,2.58,2.68,2.99,2.36,2.98,2.52,2.42,2.24,2.47
T_163,2.38,2.00,2.56,2.31,2.55,2.33,2.41,2.70,2.52,2.49,2.69,2.57,2.83,2.44,2.16,2.43,2.64,2.93,2.36,2.42,2.31,2.23,2.62,2.52,2.43,2.78,2.10,2.66,2.58,2.22,2.24,2.21
T_164,2.03,2.21,2.82,2.53,2.60,2.53,2.59,2.61,2.57,2.45,2.44,2.49,2.48,2.50,2.91,2.64,2.34,2.69,2.36,2.43,2.60,2.05,2.62,2.30,2.45,2.72,2.42,2.34,2.53,2.64,2.39,2.07
T_165,2.08,2.44,2.87,2.36,2.55,2.80,2.48,2.54,2.50,2.01,2.42,2.35,2.76,2.27,2.54,2.48,2.62,2.74,2.46,2.29,2.54,2.02,2.92,2.54,2.56,3.00,2.18,2.70,2.60,2.32,2.11,2.44
T_166,2.28,2.00,2.39,2.51,2.62,2.64,2.59,2.37,2.53,2.20,2.15,2.51,2.52,2.62,2.40,2.42,2.28,2.56,2.43,2.50,2.53,2.49,2.30,2.51,2.55,2.63,1.94,2.36,2.65,2.28,2.19,2.27
T_167,2.38,2.24,2.45,2.27,2.51,2.23,2.34,2.55,2.49,2.24,2.26,2.37,2.70,2.73,2.48,2.34,2.58,2.58,2.20,2.66,2.34,2.30,2.49,2.24,2.52,2.75,2.25,2.46,2.50,2.34,2.36,2.62
T_168,2.50,2.39,2.61,2.19,2.40,2.56,2.60,2.82,2.03,2.02,2.35,2.48,2.54,2.39,2.60,2.85,2.52,2.80,2.47,2.49,2.49,2.25,2.56,2.53,2.38,2.70,2.13,2.32,2.55,2.29,2.44,2.23
T_169,2.48,2.14,2.75,2.42,2.75,2.55,2.48,2.41,2.23,2.29,2.12,2.30,2.46,2.32,2.82,2.57,2.35,2.87,2.16,2.62,2.77,2.02,2.80,2.41,2.72,3.03,2.23,2.39,2.64,2.21,2.50,2.49
T_170,2.62,2.25,2.57,2.50,2.46,2.90,2.61,2.60,2.61,2.02,2.50,2.83,2.50,2.57,2.53,2.64,2.29,2.96,2.59,2.64,2.57,2.24,2.76,2.39,2.48,2.91,2.06,2.44,2.21,2.18,2.29,2.45
T_171,2.56,2.38,2.14,2.49,2.60,2.61,2.19,2.40,2.35,2.37,2.43,2.35,2.81,2.43,2.57,2.37,2.40,2.64,2.44,2.50,2.68,2.17,2.75,2.61,2.46,2.73,2.41,2.63,2.78,2.32,2.27,2.37
T_172,2.39,2.10,2.63,2.31,2.72,2.66,2.36,2.40,2.63,2.21,2.18,2.47,2.59,2.53,2.72,2.59,2.72,2.82,2.66,2.34,2.66,2.20,2.72,2.52,2.65,3.10,2.35,2.72,2.46,2.40,2.28,2.52
T_173,2.20,2.16,2.44,2.58,2.68,2.84,2.09,2.50,2.65,2.11,2.72,2.49,3.04,2.30,2.71,2.62,2.82,2.77,2.13,2.57,2.67,2.17,2.85,2.61,2.88,2.75,2.24,2.72,2.55,2.16,2.21,2.77
T_174,2.37,2.18,2.79,2.36,2.70,2.52,2.48,2.44,2.43,2.15,2.45,2.32,2.73,2.45,2.45,2.59,2.40,3.00,2.20,2.69,2.37,2.38,2.61,2.17,2.50,2.77,2.52,2.50,2.37,2.53,2.41,2.41
T_175,2.33,2.24,2.40,2.54,2.67,2.46,2.64,2.44,2.50,2.12,2.75,2.32,2.62,2.53,2.56,2.61,2.55,2.85,2.35,2.90,2.40,2.39,2.63,2.40,2.53,2.84,2.26,2.46,2.50,2.65,2.36,2.00
T_176,2.28,2.15,2.12,2.54,2.42,2.62,2.55,2.42,2.38,2.08,2.30,2.50,2.28,2.36,2.48,2.48,2.23,2.42,2.57,2.38,2.31,2.29,2.84,2.49,2.35,2.88,2.43,2.35,2.41,2.14,2.13,2.66
T_177,2.31,1.95,2.54,2.15,2.52,2.61,2.30,2.43,2.58,2.34,2.60,2.44,2.77,2.62,2.83,2.89,2.61,2.62,2.23,2.42,2.54,2.40,2.50,2.17,2.70,2.96,2.17,2.61,2.48,2.37,2.20,2.62
T_178,2.54,2.06,2.66,2.57,2.63,2.60,2.64,2.40,2.12,2.13,2.57,2.26,2.51,2.33,2.37,2.41,2.09,2.55,2.30,2.66,2.64,2.26,2.48,2.42,2.71,3.07,2.44,2.53,2.38,2.35,1.99,2.50
T_179,2.27,2.34,2.66,2.05,2.36,2.65,2.32,2.24,2.28,2.07,2.38,2.37,2.79,2.87,2.41,2.44,2.63,2.99,2.36,2.65,2.57,2.21,2.63,2.58,2.23,3.22,2.25,2.29,2.34,2.30,2.20,2.52
T_180,2.34,1.98,2.37,2.47,2.21,2.56,2.47,2.43,2.41,2.34,2.47,2.67,2.86,2.88,2.68,2.53,2.24,2.80,2.16,2.37,2.16,2.05,2.79,2.35,2.63,2.62,2.17,2.80,2.04,2.22,2.31,2.42
T_181,2.27,2.18,2.51,2.28,2.65,2.80,2.46,2.53,2.43,2.17,2.24,2.66,2.66,2.57,2.48,2.61,2.50,2.58,1.97,2.50,2.56,2.28,2.63,2.34,2.54,2.58,2.38,2.11,2.56,2.34,2.21,2.15
T_182,2.45,2.22,2.64,2.43,2.49,2.42,2.45,2.67,2.39,2.26,2.52,2.12,2.76,2.30,2.50,2.47,2.49,2.89,2.37,2.63,2.70,2.20,2.66,2.16,2.61,2.88,2.36,2.68,2.63,2.48,2.53,2.41
T_183,2.35,1.95,2.49,2.50,2.58,2.58,2.71,2.72,2.33,2.10,2.47,2.40,2.61,2.58,2.58,2.69,2.37,2.84,2.43,2.48,2.39,2.47,2.47,2.86,2.63,2.75,2.23,2.82,2.67,2.23,2.36,2.50
T_184,2.38,2.26,2.50,2.51,2.69,2.52,2.40,2.67,2.21,2.18,2.39,2.58,2.51,2.24,2.94,2.62,2.49,3.09,2.32,2.45,2.64,2.34,2.78,2.35,2.76,2.91,2.19,2.40,2.65,2.27,2.28,2.41
T_185,2.32,2.14,2.88,2.58,2.71,2.49,2.16,2.36,2.47,2.24,2.48,2.24,2.82,2.72,2.59,2.72,2.15,2.68,2.62,2.31,2.58,2.38,2.77,2.43,2.48,2.77,2.21,2.51,2.23,2.34,2.32,2.52
T_186,2.57,2.39,2.58,2.13,2.41,2.69,2.46,2.49,2.57,2.22,2.28,2.46,2.68,2.52,2.50,2.46,2.21,2.77,2.33,2.37,2.65,2.23,2.54,2.57,2.64,2.49,1.92,2.52,2.26,2.49,2.47,2.85
T_187,2.37,2.13,2.51,2.55,2.34,2.56,2.53,2.28,2.54,2.37,2.48,2.49,2.37,2.51,2.85,2.59,2.45,2.78,2.13,2.50,2.60,2.28,2.53,2.71,2.67,2.66,2.29,2.71,2.63,2.41,2.19,2.52
T_188,2.33,2.20,2.50,2.72,2.32,2.70,2.25,2.61,2.37,1.97,2.52,2.33,2.56,2.33,2.44,2.52,2.23,2.49,2.36,2.67,2.79,2.09,2.94,2.42,2.61,2.60,2.43,2.63,2.47,2.08,2.28,2.57
T_189,2.23,2.29,2.42,2.43,2.73,2.78,2.51,2.57,2.29,2.52,2.60,2.57,2.35,2.43,2.53,2.47,2.50,2.69,2.23,2.54,2.60,2.14,2.89,2.76,2.52,2.83,2.27,2.59,2.46,2.32,2.44,2.41
T_190,2.34,2.14,2.53,2.53,2.36,2.36,2.46,2.50,2.59,2.01,2.34,2.29,2.54,2.43,2.50,2.57,2.07,2.62,2.31,2.47,2.56,2.41,2.74,2.59,2.60,2.83,2.26,2.52,2.24,2.17,1.99,2.45
T_191,2.20,2.24,2.41,2.54,2.68,2.57,2.29,2.52,2.45,2.29,2.73,2.71,2.76,2.52,2.73,2.64,2.57,2.58,2.00,2.46,2.50,2.15,2.69,2.68,2.71,2.76,2.15,2.58,2.51,2.32,2.36,2.35
T_192,2.63,2.19,2.63,2.29,2.81,2.69,2.48,2.34,2.37,2.43,2.42,2.35,2.54,2.41,2.50,2.48,2.51,2.76,2.38,2.08,2.60,2.42,2.78,2.12,2.41,2.70,2.22,2.35,2.24,2.30,2.08,2.41
T_193,2.28,2.16,2.65,2.26,2.51,2.15,2.46,2.66,2.37,2.32,2.41,2.74,2.47,2.43,2.54,2.61,2.58,2.46,2.29,2.48,2.34,2.05,2.88,2.45,2.65,2.86,1.81,2.47,2.27,2.21,2.16,2.37
T_194,2.49,2.23,2.42,2.18,2.29,2.64,2.49,2.79,3.10,2.43,2.64,2.15,2.63,2.55,2.49,2.55,2.59,2.56,2.39,2.70,2.61,2.45,2.47,2.42,2.48,2.26,2.34,2.34,2.50,2.22,2.30,2.36
T_195,2.30,2.49,2.69,2.50,2.56,2.57,2.45,2.09,2.87,1.88,2.41,2.69,2.65,2.64,2.52,2.51,2.41,2.81,2.17,2.58,2.49,2.53,2.74,2.43,2.54,2.58,2.34,2.72,2.48,2.68,2.52,2.53
T_196,2.41,2.23,2.71,2.32,2.53,2.53,2.16,2.60,2.43,2.11,2.30,2.38,2.59,2.36,2.67,2.46,2.72,2.72,2.41,2.49,2.52,2.09,2.76,2.50,2.50,2.69,2.42,2.34,2.46,2.42,2.18,2.49
T_197,2.45,2.17,2.43,2.57,2.73,2.84,2.15,2.58,2.55,2.44,2.63,2.62,2.40,2.43,2.70,2.88,2.51,2.67,2.19,2.54,2.48,2.50,2.55,2.71,2.70,2.90,2.45,2.53,2.64,2.15,2.19,2.42
T_198,2.55,2.23,2.51,2.39,2.51,2.71,2.37,2.12,2.56,2.40,2.47,2.39,2.55,2.53,2.58,2.70,2.25,2.90,2.50,2.34,2.29,2.19,2.83,2.43,2.55,2.80,2.46,2.14,2.77,2.42,2.23,2.15
T_199,2.26,2.45,2.67,2.24,2.57,2.55,2.61,2.52,2.51,1.99,2.51,2.41,2.84,2.05,2.36,2.42,2.62,3.01,2.42,2.68,2.54,2.32,2.66,2.47,2.80,3.03,2.27,2.57,2.50,2.35,2.42,2.63
T_200,1.99,2.19,2.56,2.54,2.01,2.46,2.39,2.50,2.54,2.14,2.33,2.35,2.87,2.63,2.38,2.44,2.26,2.96,2.36,2.69,2.76,2.24,2.63,2.65,2.65,2.83,2.60,2.64,2.44,2.35,2.38,2.31
T_201,2.79,2.47,2.65,2.29,2.59,2.54,2.61,2.30,2.41,2.33,2.32,2.25,2.73,2.11,2.72,2.36,2.26,2.66,2.15,2.41,2.51,2.06,2.63,2.44,2.38,2.81,2.27,2.39,2.48,2.24,2.32,2.50
T_202,2.41,2.18,2.21,2.52,2.68,2.56,2.44,2.51,2.42,2.35,2.48,2.74,2.61,2.54,2.32,2.35,2.36,2.84,2.44,2.77,2.46,1.94,2.97,2.56,2.81,2.96,2.24,2.29,2.35,2.07,2.36,2.40
T_203,2.42,2.09,2.74,2.44,2.79,2.30,2.42,2.58,2.47,2.08,2.36,2.39,2.48,2.64,2.55,2.51,2.50,2.77,2.18,2.10,2.37,2.32,2.58,2.43,2.57,2.69,2.34,2.46,2.43,2.07,2.31,2.39
T_204,2.43,2.25,2.38,2.25,2.65,2.66,2.43,2.31,2.50,2.37,2.78,2.61,2.64,2.69,2.27,2.77,2.50,2.81,2.49,2.40,2.75,2.15,2.52,2.45,2.42,2.70,2.19,2.43,2.38,2.40,2.27,2.23
T_205,2.37,2.37,2.64,2.48,2.57,2.23,2.36,2.52,2.62,2.16,2.47,2.48,2.84,2.57,2.57,2.55,2.41,2.88,2.56,2.41,2.66,2.13,2.88,2.38,2.63,2.83,1.93,2.63,2.33,2.28,2.23,2.51
T_206,2.21,2.09,2.62,2.35,2.35,2.55,2.57,2.70,2.29,2.40,2.39,2.59,2.72,2.63,2.50,2.49,2.13,2.58,2.24,2.47,2.56,2.12,2.66,2.50,2.60,2.82,2.24,2.55,2.73,2.36,2.07,2.20
T_207,2.21,2.25,2.71,2.43,2.90,2.81,2.38,2.40,2.34,2.28,2.46,2.61,2.56,2.89,2.61,2.61,2.40,2.78,2.26,2.64,2.86,2.42,2.86,2.39,2.40,2.88,2.57,2.35,2.50,2.44,2.26,2.58
T_208,2.57,2.21,2.50,2.35,2.61,2.55,2.42,2.41,2.28,2.18,2.38,2.52,2.67,2.23,2.56,2.34,2.60,2.63,2.54,2.41,2.42,2.52,2.85,2.27,2.39,2.81,2.24,2.62,2.78,2.41,2.52,2.31
T_209,2.52,2.32,2.90,2.54,2.74,2.77,2.70,2.57,2.52,2.31,2.59,2.26,2.34,2.33,2.60,2.36,2.68,2.89,2.48,2.56,2.59,2.61,2.85,2.46,2.99,2.96,2.36,2.75,2.50,2.21,2.38,2.77
T_210,2.27,2.05,2.18,2.35,2.50,2.56,2.41,2.41,2.50,2.27,2.44,2.34,2.58,2.62,2.32,2.50,2.74,2.56,2.59,2.70,2.53,2.17,2.59,2.43,2.36,2.45,2.49,2.30,2.40,2.49,2.25,2.41
T_211,2.36,2.06,2.42,2.45,2.44,2.41,2.58,2.63,2.28,2.12,2.58,2.57,2.65,2.44,2.54,2.70,2.67,2.72,2.24,2.70,2.49,2.52,2.65,2.57,2.57,2.89,2.25,2.34,2.69,2.33,2.34,2.65
T_212,2.32,1.94,2.46,2.24,2.69,2.56,2.37,2.65,2.60,2.30,2.20,2.49,2.90,2.53,2.39,2.71,2.45,2.39,2.43,2.56,2.42,2.33,2.87,2.35,2.24,2.90,2.05,2.54,2.27,2.26,2.12,2.34
T_213,2.24,2.30,2.47,2.48,2.49,2.62,2.51,2.67,1.96,2.32,2.30,2.41,2.76,2.56,2.59,2.37,2.71,2.82,2.28,2.45,2.13,2.40,2.71,2.49,2.80,2.79,2.17,2.63,2.63,2.74,2.38,2.59
T_214,2.57,2.10,2.70,2.43,2.73,2.76,2.80,2.42,2.28,2.22,2.48,2.60,2.64,2.51,2.87,2.44,2.27,2.50,2.19,2.55,2.44,2.14,2.69,2.46,2.39,2.61,2.32,2.57,2.20,2.35,2.08,2.78
T_215,2.31,2.14,2.67,2.22,2.44,2.83,2.54,2.07,2.65,2.40,2.74,2.28,2.65,2.66,2.77,2.60,2.40,2.61,2.42,2.71,2.45,2.35,2.70,2.57,2.47,2.74,2.54,2.72,2.67,2.32,2.45,2.60
T_216,2.63,2.28,2.59,2.22,2.78,2.77,2.80,2.53,2.18,1.95,2.63,2.31,2.82,2.30,2.66,2.69,2.43,2.64,2.16,2.20,2.50,2.38,2.64,2.41,2.58,2.78,2.29,2.41,2.33,2.25,2.27,2.05
T_217,2.30,2.08,2.85,2.60,2.86,2.55,2.58,2.63,2.49,2.39,2.73,2.36,2.79,2.68,2.52,2.85,2.57,2.63,2.35,2.32,2.73,2.17,2.40,2.42,2.79,2.88,2.18,2.59,2.54,2.14,2.29,2.48
T_218,2.37,2.33,2.63,2.31,2.57,2.59,2.56,2.39,2.46,2.29,2.25,2.60,2.68,2.25,2.65,2.38,2.53,2.74,2.30,2.74,2.48,1.97,2.73,2.34,2.84,2.83,2.39,2.67,2.43,2.35,2.40,2.54
T_219,2.21,2.53,2.47,2.47,2.44,2.48,2.58,2.32,2.32,2.17,2.52,2.57,2.66,2.40,2.67,2.60,2.15,2.77,2.25,2.75,2.66,2.49,2.82,2.48,2.73,2.89,2.21,2.51,2.52,2.40,2.23,2.21
T_220,2.21,2.30,2.59,2.28,2.54,2.34,2.52,2.51,2.52,2.25,2.56,2.25,2.52,2.37,2.51,2.51,2.60,2.59,2.30,2.91,2.64,2.43,2.85,2.63,2.44,3.20,2.26,2.39,2.15,2.51,2.13,2.28
T_221,2.61,2.36,2.62,2.56,2.67,2.41,2.54,2.53,2.76,2.35,2.30,2.49,2.55,2.37,2.52,2.44,2.35,3.02,2.31,2.61,2.75,2.35,2.86,2.38,2.69,2.82,2.40,2.80,2.51,2.51,2.32,2.72
T_222,2.13,1.94,2.79,2.29,2.74,2.64,2.39,2.49,2.39,2.27,2.59,2.41,2.50,2.49,2.33,2.28,2.42,2.71,2.43,2.47,2.63,2.12,2.80,2.49,2.33,2.88,2.42,2.52,2.28,2.11,1.94,2.17
T_223,2.41,2.08,2.69,2.41,2.69,2.52,2.53,2.39,2.37,2.40,2.53,2.38,2.64,2.14,2.49,2.62,2.55,3.04,2.26,2.59,2.62,2.34,2.97,2.38,2.74,2.81,2.35,2.53,2.56,2.36,2.42,2.62
T_224,2.53,2.40,2.46,2.51,2.51,2.28,2.34,2.32,2.40,2.40,2.26,2.49,2.46,2.45,2.41,2.62,2.34,2.73,2.62,2.47,2.61,2.25,2.66,2.49,2.49,3.01,2.48,2.66,2.46,2.38,2.40,2.19
T_225,2.32,2.03,2.59,2.34,2.73,2.33,2.42,2.52,2.63,2.24,2.53,2.66,2.49,2.62,2.76,2.73,2.38,2.73,2.39,2.59,2.58,2.40,2.84,2.28,2.37,2.95,2.42,2.26,2.24,2.21,2.14,2.37
T_226,2.47,2.16,2.76,2.26,2.71,2.59,2.34,2.66,2.59,2.33,2.16,2.30,2.54,2.73,2.31,2.64,2.36,2.34,2.19,2.63,2.49,2.18,2.71,2.61,2.51,2.98,2.44,2.54,2.06,2.57,2.30,2.25
T_227,2.28,2.21,2.43,2.36,2.73,2.45,2.94,2.51,2.22,2.00,2.51,2.43,2.79,2.57,2.31,2.42,2.77,2.87,2.16,2.57,2.51,2.65,2.42,2.27,2.50,2.78,2.36,2.37,2.81,2.54,2.34,2.18
T_228,2.34,2.16,2.53,2.03,2.51,2.82,2.36,2.83,2.65,2.11,2.16,2.29,2.47,2.57,2.72,2.70,2.28,2.60,2.19,2.27,2.37,2.41,2.55,2.25,2.31,2.61,2.02,2.21,2.25,2.26,2.31,2.40
T_229,2.61,2.05,2.75,2.46,2.59,2.83,2.53,2.45,2.45,2.16,2.45,2.15,3.00,2.56,2.47,2.85,2.59,2.58,2.44,2.41,2.37,2.21,2.56,2.52,2.81,3.07,2.31,2.12,2.43,2.35,2.19,2.58
T_230,2.29,2.60,2.73,2.36,2.45,2.71,2.28,2.58,2.55,2.24,2.69,2.49,2.69,2.34,2.85,2.46,2.48,2.86,2.43,2.63,2.71,2.34,2.62,2.55,2.79,2.75,2.25,2.70,2.48,2.43,2.28,2.84
T_231,2.34,2.16,2.75,2.37,2.31,2.43,2.22,2.64,2.49,2.53,2.45,2.44,2.66,2.40,2.60,2.55,2.55,2.84,2.12,2.32,2.24,2.17,2.53,2.71,2.39,2.80,2.23,2.86,2.28,2.30,2.33,2.43
T_232,2.45,2.01,2.83,2.45,2.63,2.77,2.60,2.49,2.58,1.86,2.36,2.42,2.73,2.49,2.68,2.55,2.54,2.82,2.44,2.74,2.70,2.25,2.72,2.50,2.80,2.90,2.21,2.50,2.51,2.02,2.24,2.36
T_233,2.28,2.21,2.58,2.19,2.45,2.71,2.40,2.58,2.56,2.10,2.41,2.20,2.62,2.51,2.30,2.49,2.29,2.86,2.38,2.48,2.31,1.96,2.58,2.53,2.49,2.92,2.19,2.31,2.31,2.36,1.98,2.28
T_234,2.53,2.03,2.57,2.34,2.47,2.33,2.49,2.45,2.51,2.37,2.40,2.28,2.72,2.73,2.64,2.69,2.58,2.68,2.30,2.54,2.37,2.17,2.67,2.43,2.44,2.67,2.47,2.36,2.40,2.27,2.50,2.57
T_235,2.48,2.18,2.54,2.46,2.48,2.71,2.30,2.55,2.68,2.14,2.40,2.70,2.68,2.61,2.63,2.60,2.44,2.74,2.11,2.66,2.33,2.33,2.74,2.50,2.39,2.72,2.35,2.41,2.38,2.09,2.51,2.43
T_236,2.67,2.32,2.60,2.26,2.58,2.19,2.38,2.80,2.31,2.28,2.52,2.58,2.73,2.61,2.29,2.63,2.51,2.55,2.27,2.62,2.45,2.58,2.82,2.34,2.70,2.85,2.16,2.54,2.58,2.43,2.15,2.50
T_237,2.32,1.84,2.62,2.44,2.62,2.42,2.27,2.74,2.35,2.18,2.49,2.12,2.81,2.46,2.39,2.44,2.17,2.49,2.37,2.86,2.45,2.27,2.56,2.24,2.49,2.73,2.04,2.73,2.42,2.37,2.26,2.61
T_238,2.55,2.32,2.60,2.64,2.53,2.78,2.35,2.54,2.55,2.23,2.50,2.24,2.63,2.58,2.44,2.41,2.37,2.67,2.06,2.43,2.17,2.31,2.90,2.43,2.87,2.97,2.21,2.55,2.39,2.30,2.37,2.44
T_239,2.39,2.35,2.51,2.45,2.23,2.62,2.41,2.36,2.54,2.40,2.69,2.58,2.81,2.47,2.49,2.48,2.42,2.73,2.49,2.42,2.50,2.08,2.67,2.52,2.47,2.58,2.31,2.29,2.46,2.20,2.47,2.27
T_240,2.55,1.98,2.55,2.38,2.49,2.63,2.28,2.61,2.62,2.51,2.40,2.52,2.81,2.36,2.41,2.60,2.57,2.86,2.17,2.34,2.47,2.14,2.83,2.52,2.67,2.89,2.48,2.64,2.58,2.25,2.46,2.40
T_241,2.37,2.47,2.63,2.54,2.78,2.69,2.48,2.34,2.62,2.15,2.44,2.73,3.06,2.37,2.70,2.60,2.33,2.54,2.23,2.36,2.77,2.03,2.49,2.45,2.43,2.64,2.43,2.71,2.56,2.07,2.31,2.28
T_242,2.29,2.20,2.74,2.38,2.66,2.50,2.53,2.49,2.52,2.09,2.44,2.65,2.77,2.59,2.30,2.66,2.34,2.48,2.27,2.63,2.29,2.27,2.49,2.47,2.65,2.75,2.08,2.39,2.36,2.13,2.12,2.34
T_243,2.39,2.16,2.55,2.52,2.62,2.60,2.56,2.55,2.27,2.40,2.16,2.51,2.66,2.56,2.29,2.66,2.37,2.68,2.22,2.26,2.56,2.16,2.77,2.25,2.57,2.67,2.10,2.42,2.37,2.38,2.64,2.38
T_244,2.14,2.24,2.47,2.41,2.39,2.45,2.58,2.34,2.31,2.20,2.66,2.61,2.42,2.58,2.69,2.61,2.33,2.70,2.33,2.34,2.46,2.39,2.45,2.55,2.57,2.84,2.09,2.33,2.46,2.18,2.40,2.52
T_245,2.63,2.24,2.63,2.45,2.84,2.58,2.18,2.80,2.39,2.20,2.55,2.43,2.87,2.62,2.68,2.68,2.61,2.96,2.52,2.33,2.51,2.59,2.72,2.52,2.64,3.01,2.31,2.87,2.56,2.27,2.37,2.44
T_246,2.54,2.32,2.55,2.41,2.63,2.62,2.54,2.70,2.43,2.09,2.46,2.48,2.37,2.25,2.54,2.44,2.54,2.72,2.44,2.48,2.48,2.23,2.76,2.52,2.79,2.65,2.69,2.68,2.53,2.13,2.30,2.48
T_247,1.91,2.24,2.55,2.37,2.31,2.42,2.61,2.73,2.45,2.37,2.46,2.65,2.66,2.64,2.67,2.53,2.28,2.91,2.22,2.57,2.67,2.25,2.38,2.32,2.32,2.64,1.99,2.51,2.35,2.22,2.35,2.22
T_248,2.29,2.29,2.51,2.68,2.64,2.70,2.04,2.48,2.41,2.14,2.72,2.31,2.42,2.47,2.28,2.51,2.33,2.49,2.23,2.31,2.63,2.42,2.57,2.24,2.61,2.54,2.32,2.63,2.41,2.19,1.97,2.44
T_249,2.58,2.14,2.22,2.59,2.90,2.65,2.49,2.75,2.67,2.38,2.44,2.35,2.76,2.26,2.54,2.49,2.46,2.40,2.07,2.33,2.53,2.08,2.82,2.59,2.54,2.88,2.45,2.60,2.38,2.37,2.27,2.30
T_250,2.62,2.11,2.45,2.52,2.39,2.68,2.41,2.33,2.39,2.25,2.20,2.54,2.66,2.57,2.29,2.24,2.24,2.41,2.42,2.43,2.18,2.50,2.30,2.37,2.60,2.58,2.45,2.45,2.85,2.31,2.19,2.52
T_251,2.57,2.27,2.60,1.94,2.49,2.68,2.26,2.48,2.51,2.47,2.20,2.36,2.65,2.64,2.61,2.51,2.20,2.66,1.97,2.31,2.39,2.26,2.61,2.44,2.30,2.13,2.10,2.45,2.48,2.11,2.06,2.52
T_252,2.47,2.46,2.55,2.09,2.28,2.64,2.45,2.53,2.67,2.56,2.59,2.48,2.67,2.62,2.79,2.76,2.20,2.64,2.41,2.56,2.64,2.43,2.52,2.23,2.69,2.89,2.15,2.54,2.23,2.22,2.37,2.54
T_253,2.22,2.44,2.52,2.65,2.37,2.41,2.57,2.42,2.77,2.28,2.61,2.66,2.87,2.70,2.62,2.75,2.45,2.86,2.45,2.50,2.46,2.10,2.84,2.60,2.76,2.86,2.42,2.76,2.36,2.45,2.36,2.89
T_254,2.28,2.42,2.66,2.53,2.51,2.48,2.51,2.31,2.53,2.14,2.51,2.77,2.46,2.21,2.18,2.60,2.36,2.81,2.16,2.62,2.45,2.27,2.75,2.30,2.56,2.83,2.17,2.33,2.39,2.28,2.21,2.36
T_255,2.56,2.19,2.58,2.52,2.40,2.59,2.50,2.61,2.45,2.14,2.55,2.53,2.61,2.37,2.42,2.44,2.46,2.87,2.13,2.43,2.79,2.36,2.82,2.40,2.52,2.79,2.22,2.35,2.47,2.19,2.44,2.65
T_256,2.58,2.40,2.57,2.33,2.67,2.60,2.37,2.45,2.50,2.23,2.55,2.35,2.33,2.42,2.40,2.57,2.27,2.77,2.34,2.49,2.71,2.22,2.49,2.37,2.48,2.35,2.41,2.50,2.51,2.45,2.18,2.46
T_257,2.50,2.42,2.47,2.27,2.82,2.66,2.52,2.47,2.61,2.36,2.34,2.67,2.60,2.67,2.69,2.66,2.62,2.98,2.24,2.58,2.44,2.36,2.34,2.53,2.32,2.86,2.02,2.48,2.54,2.21,1.96,2.55
T_258,2.35,2.18,2.52,2.62,2.83,2.75,2.40,2.64,2.54,2.02,2.23,2.34,2.53,2.41,2.52,2.31,2.46,2.64,2.16,2.25,2.42,2.34,2.43,2.35,2.38,2.64,2.33,2.38,2.38,2.28,2.57,2.78
T_259,2.37,2.52,2.95,2.48,2.96,2.43,2.43,2.39,2.38,2.30,2.72,2.65,2.85,2.44,2.58,2.36,2.40,2.82,2.33,2.64,2.58,2.19,2.71,2.64,2.64,2.80,2.23,2.87,2.76,2.24,2.02,2.64
T_260,2.43,2.00,2.44,2.59,2.38,2.69,2.43,2.28,2.34,2.47,2.39,2.52,2.81,2.31,2.78,2.61,2.68,2.75,2.52,2.43,2.68,2.50,2.53,2.51,2.41,2.89,2.49,2.39,2.46,2.48,2.18,2.69
T_261,2.26,2.10,2.41,2.43,2.74,2.71,2.45,2.55,2.57,2.06,2.51,2.41,2.74,2.46,2.62,2.51,2.35,2.48,2.40,2.50,2.62,2.53,2.73,2.50,2.80,2.75,2.19,2.43,2.47,2.57,2.34,2.54
T_262,2.18,2.28,2.58,2.18,2.51,2.63,2.49,2.76,2.29,2.17,2.47,2.57,2.83,2.81,2.29,2.75,2.58,2.78,2.17,2.57,2.05,2.32,2.79,2.43,2.74,2.76,2.10,2.50,2.24,2.34,2.33,2.55
T_263,2.44,2.27,2.56,2.63,2.50,2.31,2.53,2.51,2.51,2.10,2.05,2.51,2.66,2.24,2.52,2.40,2.50,2.65,2.42,2.47,2.45,2.22,2.87,2.59,2.23,2.94,2.40,2.46,2.46,2.49,2.58,2.31
T_264,2.43,2.11,2.63,2.62,2.75,2.12,2.42,2.42,2.55,2.05,2.54,2.44,2.71,2.59,2.70,2.83,2.36,2.51,2.25,2.45,2.62,2.18,2.65,2.68,2.44,2.90,2.19,2.51,2.46,2.27,2.21,2.31
T_265,2.31,2.55,2.90,2.53,2.38,2.51,2.67,2.63,2.28,2.29,2.34,2.49,2.87,2.63,2.48,2.48,2.41,2.53,2.49,2.53,2.30,2.12,2.48,2.47,2.47,3.07,2.16,2.57,2.35,2.44,2.18,2.30
T_266,2.32,2.26,2.64,2.29,2.47,2.62,2.68,2.62,2.42,2.12,2.43,2.25,2.40,2.37,2.48,2.55,2.44,2.84,2.25,2.42,2.52,2.29,2.48,2.37,2.30,2.65,2.34,2.12,2.49,2.18,2.25,2.44
T_267,2.20,2.13,2.25,2.48,2.61,2.26,2.30,2.71,2.78,2.35,2.63,2.18,2.70,2.29,2.48,2.59,2.58,2.88,2.01,2.41,2.30,2.09,2.64,2.42,2.51,2.59,2.45,2.53,2.30,2.53,2.20,2.29
T_268,2.62,2.08,2.67,2.67,2.55,2.45,2.40,2.56,2.44,2.13,2.48,2.50,2.45,2.52,2.40,2.13,2.32,2.59,2.36,2.66,2.45,2.18,2.49,2.34,2.07,2.50,2.31,2.55,2.32,2.49,2.57,2.35
T_269,2.23,1.87,2.40,2.34,2.44,2.58,2.32,2.52,2.45,2.48,2.13,2.27,2.71,2.73,2.46,2.52,2.63,2.51,2.43,2.61,2.28,1.92,2.44,2.82,2.28,2.83,2.28,2.42,2.65,2.32,2.26,2.66
T_270,2.48,2.36,2.42,2.52,2.75,2.74,2.18,2.39,2.45,2.22,2.35,2.37,2.59,2.23,2.40,2.49,2.47,2.48,2.20,2.40,2.54,2.55,2.72,2.51,2.65,2.94,2.42,2.82,2.53,2.16,2.74,2.61
T_271,2.50,2.10,2.42,2.49,2.73,2.75,2.32,2.48,2.58,2.20,2.48,2.50,2.77,2.60,2.66,2.51,2.35,2.86,2.49,2.68,2.74,2.28,2.63,2.34,2.70,2.69,2.24,2.45,2.68,2.53,2.17,2.35
T_272,2.51,2.35,2.59,2.43,2.34,2.48,2.53,2.43,2.57,2.00,2.75,2.52,2.71,2.55,2.37,2.96,2.61,2.71,2.44,2.48,2.44,2.00,2.78,2.31,2.44,2.52,2.28,2.38,2.41,2.21,2.43,2.27
T_273,2.48,2.11,2.64,2.60,2.53,2.64,2.54,2.63,2.32,2.19,2.24,2.35,2.53,2.53,2.48,2.44,2.28,2.86,2.49,2.34,2.66,2.22,2.70,2.45,2.36,2.85,2.30,2.37,2.45,2.17,2.26,2.68
T_274,2.43,2.02,2.99,2.38,2.72,2.77,2.45,2.46,2.14,2.13,2.25,2.42,2.52,2.33,2.50,2.42,2.39,2.85,2.35,2.69,2.54,2.21,2.72,2.45,2.91,2.71,2.19,2.44,2.24,2.37,2.37,2.36
T_275,2.31,2.33,2.61,2.32,2.64,2.69,2.45,2.48,2.15,2.30,2.08,2.61,2.50,2.62,2.36,2.09,2.66,2.90,2.18,2.06,2.49,2.21,2.69,2.46,2.60,2.81,2.12,2.23,2.22,2.31,2.39,2.18
T_276,2.41,2.47,2.50,2.53,2.72,2.39,2.59,2.51,2.25,2.31,2.49,2.24,2.45,2.34,2.22,2.50,2.34,2.81,2.56,2.70,2.53,2.50,2.68,2.84,2.70,3.23,2.11,2.29,2.78,2.20,2.33,2.44
T_277,2.39,2.25,2.50,2.45,2.38,2.65,2.39,2.55,2.57,2.65,2.62,2.63,2.59,2.68,2.60,2.74,2.32,2.77,2.21,2.41,2.60,2.36,2.68,2.33,2.50,2.96,1.98,2.29,2.52,2.40,2.37,2.51
T_278,2.58,2.27,2.41,2.42,2.51,2.51,2.67,2.81,2.44,2.25,2.69,2.22,2.62,2.44,2.65,2.49,2.60,2.57,2.26,2.31,2.49,2.52,2.61,2.36,2.54,2.76,2.33,2.63,2.29,2.28,2.19,2.35
T_279,2.23,2.34,2.39,2.17,2.60,2.92,2.31,2.55,2.61,2.10,2.44,2.46,2.50,2.31,2.55,2.50,2.52,2.64,1.99,2.40,2.58,2.10,2.59,2.48,2.75,2.82,2.39,2.32,2.21,2.05,2.43,2.36
T_280,2.44,2.42,2.59,2.32,2.65,2.40,2.66,2.40,2.50,2.22,2.64,1.94,2.27,2.35,2.58,2.36,2.44,3.09,2.24,2.65,2.68,2.42,2.67,2.49,2.84,2.93,2.47,2.44,2.40,2.07,2.05,2.55
T_281,2.32,2.29,2.43,2.50,2.25,2.65,2.43,2.58,2.84,2.09,2.33,2.39,2.29,2.44,2.36,2.57,2.58,3.01,2.20,2.62,2.06,2.18,2.67,2.16,2.74,2.69,2.36,2.00,2.26,2.22,2.19,2.52
T_282,2.45,2.17,2.42,2.60,2.78,2.48,2.51,2.45,2.78,2.19,2.56,2.50,2.50,2.44,2.61,2.66,2.18,3.10,2.26,2.99,2.70,2.50,2.88,2.64,2.75,2.78,2.42,2.82,2.65,2.39,2.20,2.49
T_283,2.31,2.06,2.47,2.25,2.56,2.49,2.60,2.37,2.24,2.24,2.46,2.69,2.60,2.88,2.45,2.49,2.54,2.84,2.26,2.88,2.14,2.61,2.75,2.31,3.05,3.01,2.25,2.36,2.40,2.58,2.33,2.43
T_284,2.35,2.31,2.57,2.41,2.78,2.54,2.25,2.38,2.59,2.34,2.41,2.67,2.61,2.68,2.53,2.46,2.17,2.68,2.19,2.37,2.42,2.20,2.75,2.34,2.37,2.73,2.47,2.42,2.56,2.23,2.21,2.30
T_285,2.13,1.97,2.52,2.63,2.52,2.60,2.31,2.47,2.66,2.32,2.55,2.94,2.75,2.46,2.55,2.56,2.50,2.75,2.28,2.35,2.55,2.48,2.88,2.46,2.39,2.62,1.99,2.34,2.58,1.99,2.40,2.61
T_286,2.37,2.21,2.60,2.31,2.86,2.67,2.68,2.72,2.33,2.43,2.47,2.49,3.01,2.66,2.69,2.31,2.37,2.89,2.25,2.65,2.76,1.97,2.56,2.38,2.86,2.62,2.20,2.73,2.44,2.31,2.15,2.29
T_287,2.29,2.32,2.46,2.24,2.64,2.63,2.29,2.69,2.43,2.33,2.44,2.26,2.75,2.49,2.79,2.80,2.46,2.85,2.47,2.52,2.82,2.50,2.80,2.58,2.74,2.63,2.45,2.64,2.26,2.47,2.25,2.59
T_288,2.46,2.03,2.57,2.29,2.66,2.67,2.49,2.46,2.58,2.24,2.60,2.34,2.69,2.44,2.42,2.53,2.55,2.96,2.32,2.73,2.37,2.24,2.52,2.37,2.66,2.69,1.99,2.33,2.43,2.45,2.25,2.41
T_289,2.40,2.21,2.79,2.48,2.60,2.67,2.52,2.53,2.39,2.40,2.56,2.33,2.87,2.71,2.74,2.51,2.36,2.78,2.21,2.60,2.43,1.94,2.49,2.26,2.38,2.60,2.38,2.44,2.64,2.09,2.40,2.47
T_290,2.23,2.14,2.65,2.48,2.56,3.02,2.44,2.50,2.36,2.22,2.42,2.64,2.63,2.25,2.50,2.13,2.50,2.89,2.31,2.51,2.77,2.34,2.57,2.58,2.84,3.00,2.36,2.76,2.42,2.37,2.29,2.66
T_291,2.43,2.12,2.63,2.58,2.47,2.45,2.24,2.64,2.71,2.38,2.62,2.67,2.68,2.80,2.65,2.76,2.25,2.68,2.13,2.98,2.72,2.12,2.54,2.47,2.75,2.50,2.65,2.80,2.51,2.38,2.48,2.46
T_292,2.68,1.96,2.62,2.73,2.73,2.56,2.45,2.58,2.63,2.09,2.42,2.81,2.43,2.62,2.66,2.50,2.17,2.71,2.34,2.46,2.66,2.22,2.70,2.19,2.18,2.59,2.16,2.37,2.30,2.43,2.13,2.58
T_293,2.40,2.09,2.64,2.06,2.49,2.47,2.47,2.53,2.28,2.05,2.41,2.42,2.74,2.73,2.57,2.61,2.38,2.63,2.30,2.57,2.44,2.27,2.17,2.50,2.68,2.54,2.38,2.64,2.41,2.17,2.20,2.45
T_294,2.28,2.21,2.78,2.52,2.43,2.61,2.43,2.42,2.52,1.95,2.28,2.48,2.75,2.61,2.20,2.49,2.06,2.77,2.05,2.89,2.43,2.31,2.72,2.52,2.25,2.72,2.05,2.33,2.37,2.49,2.20,2.51
T_295,2.56,2.27,2.58,2.55,2.66,2.39,2.75,2.78,2.60,2.34,2.72,2.68,2.97,2.70,2.65,2.41,2.11,3.02,2.50,2.63,2.49,2.47,2.56,2.76,2.66,2.66,1.98,2.57,2.32,2.32,2.29,2.56
T_296,2.43,2.08,2.72,2.42,2.58,2.63,2.51,2.67,2.79,2.48,2.18,2.29,2.98,2.77,2.27,2.25,2.63,2.71,2.05,2.58,2.42,2.26,2.79,2.32,2.56,2.82,1.92,2.55,2.44,2.23,2.29,2.55
T_297,2.16,2.19,2.64,2.59,2.72,2.86,2.43,2.60,2.37,2.38,2.48,2.53,2.38,2.45,2.56,2.46,2.75,3.18,2.56,2.25,2.69,1.93,2.90,2.62,2.61,3.04,2.48,2.45,2.52,2.21,2.41,2.61
T_298,2.33,2.16,2.25,1.97,2.47,2.71,2.41,2.62,2.53,1.99,2.13,2.35,2.52,2.33,2.64,2.31,2.52,2.62,2.38,2.48,2.62,2.11,2.69,2.43,2.83,2.77,2.10,2.41,2.88,2.12,2.33,2.28
T_299,2.34,2.04,2.47,2.49,2.51,2.56,2.50,2.42,2.48,2.03,2.46,2.52,2.70,2.24,1.88,2.48,2.76,2.63,2.22,2.39,2.53,2.55,2.78,2.28,2.55,2.55,2.04,2.47,2.38,2.43,2.38,2.23
T_300,2.26,2.33,2.51,2.41,2.49,2.50,2.43,2.45,2.26,2.05,2.19,2.32,2.52,2.23,2.43,2.61,2.55,2.70,2.44,2.20,2.54,2.12,2.60,2.65,2.43,2.52,1.98,2.11,2.81,2.63,2.57,2.39
T_301,2.36,2.08,2.52,2.48,2.40,2.37,2.59,2.53,2.14,2.22,2.32,2.46,2.26,2.19,2.42,2.25,2.41,2.78,2.45,2.59,2.75,2.15,2.43,2.57,2.80,3.11,2.28,2.56,2.85,2.58,2.45,2.74
T_302,2.36,2.04,2.63,2.33,2.41,2.63,2.37,2.51,2.59,2.23,2.58,2.33,2.69,2.55,2.24,2.82,2.19,2.58,2.29,2.27,2.56,2.26,2.48,2.27,2.41,2.65,2.31,2.46,2.44,2.33,2.25,2.51
T_303,2.67,2.09,2.71,2.32,2.75,2.44,2.40,2.34,2.46,2.31,2.42,2.44,2.73,2.43,2.25,2.64,2.47,2.55,2.68,2.42,2.39,2.37,2.36,2.53,2.84,2.44,1.81,2.61,2.29,2.33,2.50,2.32
T_304,2.31,1.93,2.75,2.52,2.52,2.34,2.32,2.52,2.26,2.22,2.48,2.41,2.71,2.45,2.27,2.62,2.49,2.66,2.33,2.37,2.28,2.09,2.77,2.46,2.67,3.00,2.12,2.52,2.29,2.29,2.17,2.34
T_305,2.20,2.09,2.54,2.49,2.55,2.35,2.24,2.70,2.57,2.19,2.39,2.30,2.41,2.24,2.56,2.37,2.18,2.71,2.39,2.32,2.55,2.28,2.43,2.49,2.57,2.79,2.37,2.65,2.40,2.32,2.25,2.26
T_306,2.57,2.21,2.45,2.57,2.38,2.39,2.35,2.86,2.61,2.30,2.34,2.68,2.68,2.45,2.53,2.55,2.27,2.73,2.67,2.37,2.66,2.41,2.66,2.47,2.69,2.75,2.45,2.48,2.79,2.43,2.30,2.49
T_307,2.18,2.18,2.50,2.53,2.60,2.57,2.51,2.38,2.39,2.28,2.36,2.27,2.41,2.41,2.51,2.23,2.55,2.58,2.12,2.34,2.38,2.16,2.54,2.23,2.65,2.60,1.97,2.39,2.47,2.37,2.02,2.36
T_308,2.31,2.33,2.52,2.31,2.59,2.45,2.72,2.24,2.42,2.37,2.19,2.47,2.52,2.54,2.67,2.39,2.32,2.54,2.37,2.40,2.31,2.47,2.74,2.31,2.53,2.84,2.14,2.43,2.20,2.37,2.12,2.24
T_309,2.58,2.52,2.45,2.63,2.48,2.68,2.39,2.49,2.72,2.29,2.21,2.53,2.55,2.34,2.37,2.50,2.33,2.77,2.29,2.71,2.38,2.44,2.89,2.50,2.65,2.81,2.27,2.28,2.34,2.27,1.84,2.38
T_310,2.57,2.29,2.50,2.37,2.68,2.49,2.42,2.57,2.52,2.07,2.93,2.48,2.61,2.34,2.42,2.40,2.47,2.65,2.33,2.51,2.44,2.27,2.77,2.41,2.59,2.93,2.20,2.43,2.62,2.31,2.66,2.46
T_311,2.52,2.06,2.36,2.44,2.72,2.69,2.35,2.50,2.74,2.44,2.52,2.28,2.57,2.10,2.58,2.85,2.38,2.72,2.22,2.41,2.60,2.31,2.71,2.44,2.43,3.06,2.50,2.77,2.33,2.29,2.24,2.51
T_312,2.57,2.06,2.31,2.50,2.48,2.58,2.48,2.43,2.61,2.41,2.70,2.42,2.58,2.98,2.61,2.36,2.34,2.42,2.53,2.49,2.69,1.89,2.53,2.51,2.56,2.77,2.43,2.55,2.38,2.09,2.15,2.53
T_313,2.33,2.04,2.55,2.55,2.73,2.67,2.34,2.48,2.79,2.32,2.53,2.29,2.91,2.78,2.33,2.63,2.60,2.51,2.58,2.57,2.35,2.44,2.73,2.32,2.66,2.86,2.26,2.52,2.40,2.08,2.59,2.63
T_314,2.49,2.32,2.61,2.36,2.91,2.74,2.47,2.54,2.57,2.33,2.35,2.50,2.40,2.86,2.50,2.69,2.52,2.40,2.04,2.39,2.48,2.28,2.75,2.42,2.57,2.69,2.24,2.39,2.34,2.53,2.26,2.39
T_315,2.52,2.03,2.57,2.58,2.50,2.36,2.21,2.58,2.50,2.10,2.63,2.66,2.61,2.45,2.62,2.62,2.52,2.32,2.35,2.09,2.33,2.46,2.64,2.18,2.62,2.71,2.40,2.78,2.56,2.43,2.18,2.26
T_316,2.35,2.07,2.45,2.31,2.54,2.63,2.38,2.61,2.27,2.33,2.44,2.25,2.75,2.43,2.61,2.53,2.53,2.72,2.37,2.56,2.61,2.19,2.78,2.34,2.79,2.79,2.65,2.34,2.36,2.33,2.01,2.41
T_317,2.26,2.32,2.55,2.19,2.37,2.48,2.43,2.70,2.53,2.10,2.26,2.20,2.71,2.50,2.78,2.19,2.43,2.82,2.10,2.30,2.73,2.50,2.88,2.58,2.67,3.21,2.33,2.65,2.54,2.11,2.36,2.49
T_318,2.57,2.41,2.49,2.23,2.60,2.85,2.56,2.37,2.62,2.07,2.50,2.57,2.68,2.36,2.58,2.60,2.42,2.37,2.22,2.46,2.51,2.33,2.68,2.35,2.21,2.48,2.33,2.67,2.18,2.36,2.34,2.33
T_319,2.41,2.18,2.61,2.50,2.52,2.55,2.66,2.51,2.34,2.47,2.61,2.58,2.74,2.58,2.69,2.74,2.53,2.55,2.40,2.62,2.51,2.25,2.45,2.52,2.60,2.71,2.32,2.35,2.42,2.37,2.33,2.41
T_320,2.64,2.26,2.53,2.43,2.67,2.35,2.75,2.28,2.41,2.20,2.38,2.59,2.68,2.52,2.79,2.48,2.30,2.73,2.13,2.36,2.52,2.32,2.60,2.51,2.63,2.50,2.49,2.40,2.70,2.03,2.56,2.40
T_321,2.39,2.30,2.61,2.05,2.58,2.66,2.26,2.45,2.37,2.23,2.67,2.30,2.98,2.47,2.77,2.62,2.28,2.80,2.14,2.16,2.48,2.14,2.45,2.30,2.69,2.62,2.01,2.45,2.42,2.40,2.28,2.35
T_322,2.48,2.08,2.61,2.59,2.56,2.87,2.66,2.11,2.55,1.97,2.90,2.57,2.60,2.72,2.54,2.82,2.43,2.87,2.21,2.45,2.38,2.43,2.48,2.33,2.53,2.91,1.95,2.29,2.28,2.11,2.37,2.45
T_323,2.50,2.23,2.56,2.18,2.46,2.70,2.28,2.66,2.73,2.52,2.35,2.70,2.72,2.64,2.60,2.33,2.30,2.91,2.26,2.22,2.46,2.19,2.77,2.41,2.22,2.57,2.51,2.46,2.44,2.20,2.14,2.36
T_324,2.32,2.23,2.38,2.68,2.71,2.68,2.56,2.72,2.31,2.50,2.41,2.44,2.66,2.44,2.47,2.33,2.63,2.77,2.14,2.50,2.74,2.54,2.59,2.46,2.54,2.84,2.22,2.80,2.56,2.60,2.59,2.57
T_325,2.02,2.70,2.64,2.64,2.54,2.73,2.33,2.25,2.24,2.35,2.11,2.38,2.46,2.38,2.30,2.57,2.55,2.59,2.12,2.40,2.40,2.44,2.62,2.61,2.53,2.48,2.34,2.30,2.30,2.14,2.30,2.33
T_326,2.35,2.18,2.78,2.39,2.68,2.68,2.62,2.72,2.24,2.37,2.40,2.39,2.54,2.26,2.58,2.57,2.53,2.89,2.36,2.62,2.53,2.40,2.54,2.75,2.73,2.94,2.38,2.63,2.34,2.30,2.28,2.49
T_327,2.33,2.20,2.49,2.16,2.55,2.81,2.63,2.63,2.34,2.25,2.59,2.73,2.77,2.55,2.43,2.52,2.42,2.92,2.18,2.19,2.29,2.31,2.71,2.40,2.76,2.79,2.53,2.54,2.38,2.37,2.56,2.78
T_328,2.30,2.36,2.57,2.39,2.57,2.43,2.28,2.58,2.18,2.23,2.62,2.26,2.54,2.36,2.55,2.60,2.44,2.58,2.52,2.45,2.65,2.23,2.71,2.58,2.43,2.56,2.21,2.46,2.36,2.39,2.13,2.48
T_329,2.31,2.11,2.79,2.37,2.33,2.42,2.73,2.62,2.30,2.26,2.69,2.32,2.46,2.75,2.34,2.55,2.46,2.46,2.54,2.73,2.61,2.21,2.81,2.43,2.43,3.15,2.64,2.37,2.39,2.08,2.18,2.80
T_330,2.58,2.41,2.86,2.38,2.52,2.55,2.27,2.71,2.43,2.27,2.55,2.49,2.51,2.46,2.55,2.80,2.34,2.82,2.24,2.41,2.32,2.18,2.23,2.54,2.65,3.00,2.15,2.29,2.36,2.20,2.29,2.48
T_331,2.38,2.20,2.55,2.35,2.75,2.53,2.44,2.64,2.44,2.34,2.42,2.49,2.39,2.01,2.54,2.47,2.10,2.72,2.08,2.19,2.35,2.26,2.40,2.35,2.62,2.77,2.09,2.37,2.19,2.23,2.22,2.40
T_332,2.30,2.15,2.47,2.48,2.42,2.68,2.57,2.33,2.37,2.16,2.31,2.55,2.66,2.55,2.50,2.73,2.53,2.80,2.50,2.54,2.57,2.12,2.78,2.51,2.62,2.92,2.15,2.63,2.27,2.41,2.47,2.27
T_333,2.22,2.09,2.49,2.44,2.45,2.68,2.36,2.63,2.40,2.48,2.41,2.56,2.58,2.56,2.57,2.63,2.15,2.64,2.22,2.57,2.39,2.28,2.60,2.28,2.40,2.71,2.36,2.55,2.60,2.47,2.01,2.26
T_334,2.34,2.25,2.58,2.32,2.39,2.86,2.48,2.30,2.59,2.01,2.34,2.14,2.39,2.33,2.48,2.40,2.31,2.70,2.67,2.58,2.54,2.21,2.87,2.56,2.34,2.77,2.28,2.53,2.81,2.29,2.37,2.38
T_335,2.43,2.30,2.78,2.00,2.50,2.79,2.14,2.41,2.25,2.39,2.65,2.24,2.86,2.73,2.46,2.46,2.37,2.68,2.60,2.29,2.44,1.94,2.66,2.20,2.60,2.73,2.08,2.03,2.42,1.89,2.35,2.44
T_336,2.56,2.18,2.24,2.76,2.55,2.68,2.24,2.37,2.24,2.29,2.55,2.54,2.80,2.42,2.43,2.41,2.25,3.03,2.37,2.34,2.38,2.25,2.54,2.13,2.47,2.71,2.22,2.42,2.40,2.19,2.31,2.34
T_337,2.52,2.25,2.42,2.59,2.52,2.47,2.31,2.59,2.69,2.11,2.22,2.54,2.40,2.41,2.65,2.96,2.33,2.46,2.23,2.62,2.13,2.39,2.79,2.40,2.59,2.82,2.03,2.75,2.41,2.30,2.41,2.29
T_338,2.40,2.28,2.56,2.22,2.68,2.58,2.53,2.72,2.49,2.05,2.50,2.60,2.69,2.68,2.41,2.63,2.40,2.81,2.30,2.56,2.75,2.51,2.63,2.31,2.68,2.43,2.02,2.40,2.58,2.32,2.31,2.48
T_339,2.23,2.23,2.71,2.34,2.54,2.40,2.55,2.31,2.52,2.48,2.39,2.48,2.49,2.77,2.59,2.36,2.29,2.53,2.01,2.17,2.40,2.15,2.63,2.30,2.32,2.59,2.24,2.51,2.22,2.35,2.16,2.67
T_340,2.40,2.30,2.65,2.40,2.41,2.62,2.54,2.27,2.45,2.20,2.54,2.41,2.35,2.43,2.46,2.53,2.28,2.70,2.48,2.59,2.42,2.28,2.73,2.53,2.97,2.85,2.42,2.53,2.54,2.60,2.34,2.39
T_341,2.53,2.36,2.29,2.35,2.84,2.74,2.38,2.58,2.38,2.21,2.59,2.36,2.51,2.34,2.45,2.27,2.20,2.65,2.27,2.44,2.37,2.16,2.85,2.65,2.56,2.82,2.42,2.41,2.39,2.33,2.53,2.51
T_342,2.35,2.18,2.85,2.43,2.68,2.66,2.48,2.38,2.39,2.58,2.63,2.45,2.70,2.85,2.42,2.83,2.39,2.86,2.14,2.61,2.68,2.11,2.71,2.46,2.49,2.75,2.13,2.78,2.47,2.46,2.46,2.33
T_343,2.44,1.89,2.34,2.39,2.81,2.85,2.49,2.40,2.91,2.32,2.50,2.57,2.69,2.44,2.46,2.72,2.44,2.47,2.21,2.80,2.76,2.15,2.66,2.37,2.63,2.98,2.29,2.42,2.52,2.19,2.13,2.69
T_344,2.37,2.16,2.47,2.34,2.69,2.58,2.38,2.50,2.69,2.19,2.28,2.17,2.73,2.45,2.54,2.33,2.73,2.60,2.32,2.76,2.53,2.42,2.58,2.39,2.89,2.86,2.24,2.45,2.43,2.19,2.40,2.48
T_345,2.43,2.29,2.47,2.72,2.62,2.45,2.55,2.79,2.29,2.41,2.25,2.50,2.57,2.46,2.25,2.56,2.11,2.89,2.29,2.37,2.49,2.20,3.04,2.42,2.82,2.95,2.09,2.34,2.37,2.46,2.40,2.43
T_346,2.35,2.25,2.50,2.62,2.41,2.51,2.68,2.35,2.25,2.36,2.49,2.29,2.76,2.41,2.56,2.76,2.31,2.88,2.34,2.51,2.58,2.08,2.70,2.48,2.59,2.97,2.39,2.79,2.34,2.28,2.36,2.52
T_347,2.48,2.37,2.43,2.49,2.50,2.64,2.49,2.65,2.16,2.20,2.48,2.34,2.48,2.31,2.23,2.59,2.52,2.74,2.54,2.25,2.45,2.17,2.23,2.60,2.82,2.63,2.26,2.44,2.16,2.26,2.28,2.52
T_348,2.41,2.20,2.61,2.61,2.79,2.69,2.68,2.10,2.51,2.51,2.33,2.68,2.63,2.59,2.81,2.94,2.57,2.90,2.60,2.30,2.52,2.14,2.38,2.16,2.48,2.59,2.11,2.17,2.60,2.52,2.33,2.48
T_349,2.41,2.29,2.73,2.38,2.61,2.49,2.37,2.53,2.32,1.92,2.55,2.15,2.58,2.39,2.37,2.62,2.30,2.86,2.52,2.39,2.30,2.26,2.95,2.46,2.22,2.78,2.24,2.30,2.52,2.44,2.03,2.60
T_350,2.38,2.40,2.56,2.59,2.81,2.37,2.23,2.32,2.59,2.14,2.48,2.81,2.56,2.88,2.91,2.77,2.62,2.92,2.27,2.68,2.48,2.41,2.67,2.35,2.43,2.78,2.41,2.74,2.42,2.38,2.26,2.27
T_351,2.37,2.14,2.33,2.67,2.76,2.53,2.27,2.35,2.34,2.28,2.54,2.65,2.56,2.44,2.45,2.59,2.45,2.72,2.27,2.60,2.67,1.93,2.75,2.06,2.63,3.04,2.76,2.69,2.73,2.42,2.37,2.52
T_352,2.67,2.48,2.96,2.45,2.64,2.64,2.72,2.36,2.80,2.46,2.48,2.22,2.63,2.50,2.79,2.29,2.26,2.81,2.31,2.49,2.54,2.19,2.75,2.32,2.70,2.92,2.18,2.59,2.11,2.24,2.43,2.29
T_353,2.53,2.13,2.67,2.43,2.51,2.53,2.52,2.35,2.55,2.06,2.50,2.39,2.58,2.82,2.50,2.41,2.40,2.81,2.40,2.61,2.45,2.57,2.65,2.41,2.77,2.77,2.13,2.63,2.37,2.14,2.53,2.29
T_354,2.20,2.39,2.63,2.42,2.57,2.76,2.60,2.17,2.26,2.10,2.48,2.11,2.51,2.62,2.43,2.86,2.41,2.40,2.19,2.73,2.33,2.26,2.45,2.36,2.50,2.71,2.49,2.54,2.48,2.11,2.23,2.36
T_355,2.29,1.95,2.39,2.17,2.54,2.58,2.62,2.55,2.24,2.25,2.59,2.43,2.61,2.37,2.57,2.59,2.56,2.73,2.35,2.66,2.59,2.16,2.43,2.39,2.43,2.66,2.22,2.45,2.59,2.44,2.42,2.41
T_356,2.53,2.05,2.56,2.19,2.41,2.52,2.25,2.47,2.63,2.15,2.53,2.60,2.77,2.57,2.82,2.78,2.45,2.60,2.55,2.43,2.41,2.33,2.55,2.44,2.30,2.89,2.11,2.59,2.36,2.46,2.23,2.43
T_357,2.41,2.34,2.87,2.41,2.73,2.44,2.34,2.51,2.32,2.27,2.47,2.47,2.40,2.43,2.56,2.57,2.24,2.59,2.32,2.45,2.35,2.12,2.74,2.51,2.53,2.92,2.02,2.44,2.38,2.45,2.17,2.36
T_358,2.35,2.25,2.63,2.62,2.67,2.62,2.70,2.45,2.50,2.22,2.59,2.40,2.79,2.66,2.57,2.52,2.23,2.31,2.31,2.33,2.62,2.41,2.74,2.49,2.52,2.58,2.28,2.45,2.47,2.47,2.44,2.14
T_359,2.58,2.25,2.73,2.49,2.36,2.59,2.26,2.71,2.33,2.08,2.47,2.31,2.72,2.56,2.51,2.22,2.75,2.77,2.01,2.42,2.45,2.19,2.51,2.30,2.47,2.50,2.04,2.48,2.85,2.25,2.12,2.50
T_360,2.47,2.39,2.58,2.58,2.53,2.66,2.63,2.46,2.41,2.21,2.51,2.47,2.69,2.22,2.31,2.34,2.72,2.92,2.45,2.58,2.41,2.47,2.62,2.56,2.43,2.71,2.41,2.44,2.84,2.57,2.30,2.34
T_361,2.25,2.24,2.62,2.57,2.77,2.49,2.54,2.39,2.46,2.05,2.56,2.41,2.77,2.79,2.59,2.57,2.59,2.69,2.31,2.60,2.53,2.23,2.62,2.34,2.27,2.73,2.36,2.40,2.52,2.05,2.36,2.56
T_362,2.37,2.17,2.54,2.38,2.38,2.66,2.76,2.12,2.38,2.13,2.36,2.49,2.61,2.57,2.40,2.30,2.63,3.03,2.28,2.38,2.67,2.47,2.75,2.66,2.63,2.88,2.13,2.72,2.51,2.28,1.95,2.74
T_363,2.32,2.01,2.56,2.05,2.56,2.68,2.52,2.54,2.48,2.13,2.28,2.52,2.69,2.74,2.47,2.57,2.55,2.78,2.18,2.68,2.50,2.57,2.52,2.31,2.59,2.63,2.17,2.65,2.73,2.37,2.25,2.58
T_364,2.45,2.45,2.58,2.44,2.48,2.56,2.59,2.75,2.63,2.06,2.39,2.44,2.73,2.20,2.57,2.19,2.34,2.94,2.39,2.59,2.67,2.32,2.68,2.42,2.63,2.69,2.08,2.34,2.52,2.38,2.58,2.33
T_365,2.21,2.15,2.58,2.53,2.59,2.68,2.59,2.35,2.44,2.38,2.30,2.58,2.47,2.47,2.63,2.26,2.44,2.75,2.24,2.75,2.33,2.16,2.76,2.33,2.57,2.48,2.15,2.22,2.43,2.26,2.50,2.50
T_366,2.43,2.11,2.41,2.29,2.62,2.55,2.28,2.37,2.47,2.09,2.48,2.38,2.53,2.49,2.49,2.69,2.27,2.82,2.27,2.52,2.59,2.35,2.65,2.55,2.50,2.67,2.16,2.54,2.44,2.54,2.43,2.62
T_367,2.21,2.05,2.86,2.52,2.36,2.38,2.59,2.48,2.29,2.29,2.58,2.50,2.44,2.50,2.56,2.48,2.30,2.84,2.37,2.47,2.45,2.29,2.53,1.99,2.45,3.00,2.38,2.66,2.41,2.53,1.99,2.32
T_368,2.44,2.26,2.67,2.23,2.77,2.64,2.56,2.57,2.51,2.18,2.52,2.50,2.41,2.21,2.53,2.43,2.55,2.61,2.41,2.77,2.67,2.26,2.83,2.28,2.62,2.61,2.46,2.84,2.19,2.30,2.32,2.65
T_369,2.45,2.39,2.61,2.17,2.71,2.59,2.46,2.50,2.73,2.03,2.84,2.70,2.90,2.69,2.38,2.79,2.38,2.83,2.64,2.79,2.66,2.15,2.34,2.52,2.88,2.94,2.47,2.65,2.54,2.35,2.52,2.54
T_370,2.36,2.25,2.56,2.37,2.54,2.82,2.50,2.70,2.40,2.28,2.45,2.39,2.60,2.54,2.59,2.28,2.51,2.74,2.06,2.57,2.42,2.23,2.89,2.38,2.43,2.70,2.45,2.71,2.42,2.37,2.46,2.63
T_371,2.51,2.25,2.54,2.42,2.56,2.48,2.47,2.59,2.37,2.16,2.58,2.67,2.75,2.73,2.64,2.40,2.38,2.93,2.50,2.55,2.45,2.20,3.00,2.45,2.72,3.03,2.09,2.58,2.36,2.18,2.36,2.66
T_372,2.49,2.07,2.71,2.59,2.47,2.60,2.38,2.62,2.43,2.22,2.34,2.35,2.62,2.47,2.64,2.74,2.37,2.58,2.06,2.32,2.44,2.13,2.60,2.44,2.58,2.92,2.19,2.32,2.45,2.45,2.20,2.11
T_373,2.40,2.20,2.67,2.53,2.67,2.62,2.48,2.58,2.52,2.40,2.74,2.38,2.59,2.60,2.61,2.77,2.33,2.63,1.93,2.61,2.62,2.22,2.55,2.63,2.47,2.70,2.21,2.54,2.09,2.43,2.49,2.25
T_374,2.60,2.33,2.67,2.63,2.54,2.57,2.36,2.21,2.32,2.19,2.80,2.45,2.89,2.56,2.27,2.41,2.43,2.53,2.16,2.63,2.19,2.26,2.86,2.62,2.38,2.93,2.31,2.09,2.39,2.64,2.15,2.40
T_375,2.27,2.32,2.65,2.68,3.02,2.36,2.39,2.54,2.40,2.30,2.39,2.42,2.63,2.52,2.68,2.45,2.42,2.63,2.52,2.44,2.51,2.52,2.40,2.50,2.60,2.41,1.95,2.46,2.35,2.30,2.13,2.57
T_376,2.40,1.99,2.47,2.28,2.46,2.49,2.44,2.78,2.61,2.04,2.49,2.50,2.90,2.50,2.59,2.75,2.26,2.68,2.33,2.41,2.21,2.16,2.68,2.18,2.51,2.77,2.07,2.44,2.37,2.32,2.08,2.17
T_377,2.55,2.14,2.69,2.47,2.44,2.84,2.63,2.70,2.12,2.02,2.16,2.28,2.59,2.48,2.53,2.67,2.36,2.53,2.14,2.57,2.58,2.30,2.31,2.62,2.26,2.68,2.40,2.33,2.49,2.27,1.91,2.53
T_378,2.19,2.43,2.47,2.50,2.67,2.54,2.52,2.56,2.70,2.22,2.30,2.56,2.96,2.52,2.58,2.85,2.33,2.82,2.56,2.42,2.60,2.21,2.71,2.46,2.83,2.78,2.28,2.61,2.28,2.36,2.36,2.41
T_379,2.28,2.10,2.20,2.50,2.55,2.95,2.47,2.40,2.54,2.36,2.18,2.39,2.59,2.77,2.73,2.52,2.57,2.73,2.22,2.37,2.48,2.24,2.46,2.36,2.57,2.66,2.27,2.58,2.52,2.24,2.45,2.39
T_380,2.59,2.11,2.43,2.33,2.95,2.33,2.71,2.62,2.28,2.17,2.30,2.58,2.71,2.45,2.50,2.80,2.42,2.59,2.18,2.71,2.29,2.10,2.59,2.66,2.54,2.65,2.46,2.40,2.16,2.45,2.08,2.54
T_381,2.46,2.19,2.68,2.77,2.63,2.23,2.46,2.46,2.33,2.20,2.21,2.38,2.66,2.69,2.46,2.50,2.21,2.47,2.18,2.55,2.62,2.30,2.69,2.22,2.63,3.04,1.92,2.54,2.32,2.48,2.30,2.72
T_382,2.28,2.33,2.98,2.34,2.37,2.62,2.32,2.49,2.80,2.30,2.11,2.31,2.39,2.47,2.40,2.43,2.78,2.69,1.84,2.43,2.30,2.17,2.41,2.45,2.28,2.96,2.28,2.20,2.38,2.24,2.31,2.60
T_383,2.38,2.22,2.68,2.46,2.72,2.66,2.36,2.62,2.49,2.62,2.50,2.44,2.65,2.32,2.30,2.37,2.38,2.57,2.06,2.56,2.71,2.18,2.48,2.30,2.68,2.76,2.55,2.37,2.79,2.28,2.01,2.57
T_384,2.58,2.33,2.21,2.30,2.33,2.55,2.56,2.12,2.65,2.17,2.50,2.59,2.76,2.46,2.35,2.64,2.77,2.67,2.39,2.38,2.75,1.99,2.80,2.75,2.84,2.77,2.32,2.70,2.53,2.51,1.90,2.72
T_385,2.35,2.17,2.50,2.41,2.65,2.55,2.33,2.15,2.44,2.22,2.04,2.30,2.63,2.41,2.36,2.68,2.37,2.83,2.35,2.72,2.62,2.28,2.83,2.50,2.81,2.81,2.33,2.47,2.36,2.49,2.35,2.77
T_386,2.61,2.38,2.56,2.53,2.37,2.69,2.12,2.72,2.35,1.96,2.50,2.43,2.86,2.54,2.24,2.50,2.51,2.91,2.48,2.44,2.64,2.42,2.63,2.41,2.88,2.96,2.14,2.78,2.44,2.61,2.28,2.29
T_387,2.30,2.24,2.67,2.53,2.90,2.72,2.38,2.43,2.35,2.23,2.46,2.47,2.45,2.61,2.47,2.40,2.83,2.74,2.48,2.47,2.62,2.44,3.04,2.46,2.57,2.96,1.91,2.60,2.49,1.98,2.14,2.45
T_388,2.09,2.34,2.42,2.32,2.45,2.69,2.57,2.54,2.39,2.18,2.60,2.27,2.60,2.52,2.63,2.33,2.37,2.77,2.66,2.60,2.75,2.42,2.79,2.47,2.90,2.66,2.07,2.71,2.62,2.28,2.32,2.30
T_389,2.55,2.39,2.63,2.38,2.60,2.61,2.37,2.35,2.61,2.48,2.21,2.30,2.82,2.48,2.57,2.90,2.40,2.77,2.12,2.54,2.56,2.38,2.78,2.62,2.93,2.82,2.22,2.67,2.48,2.26,2.42,2.39
T_390,2.32,2.31,2.47,2.67,2.52,2.56,2.45,2.46,2.38,2.02,1.98,2.55,2.78,2.59,2.46,2.35,2.67,2.52,2.46,2.44,2.63,2.51,2.64,2.51,2.42,3.08,2.26,2.58,2.59,2.04,2.50,2.66
T_391,2.61,2.17,2.43,2.31,2.74,2.62,2.70,2.60,2.55,2.04,2.31,2.32,2.55,2.61,2.48,2.45,2.50,3.14,2.20,2.56,2.15,2.36,2.49,2.41,2.73,2.74,2.12,2.19,2.36,2.26,2.40,2.30
T_392,2.25,2.14,2.89,2.62,2.37,2.53,2.41,2.43,2.33,2.08,2.27,2.48,2.60,2.45,2.43,2.52,2.48,2.69,2.27,2.71,2.50,2.63,2.55,2.34,2.43,2.67,2.13,2.60,2.38,2.30,2.27,2.49
T_393,2.33,2.30,2.83,2.30,2.35,2.93,2.44,2.51,2.45,2.04,2.28,2.45,2.45,2.53,2.46,2.29,2.46,2.90,2.26,2.52,2.47,2.27,2.68,2.00,2.58,2.89,2.25,2.59,2.40,2.12,2.15,2.52
T_394,2.53,2.32,2.54,2.61,2.65,2.56,2.40,2.41,2.28,2.18,2.50,2.40,2.67,2.64,2.53,2.60,2.36,2.52,2.20,2.61,2.59,2.31,2.79,2.27,2.47,2.53,2.46,2.71,2.47,2.16,2.38,2.36
T_395,2.39,2.24,2.24,2.44,2.75,2.78,2.49,2.30,2.55,2.30,2.51,2.35,2.43,2.69,2.49,2.48,2.45,2.74,2.37,2.53,2.37,2.43,2.66,2.55,2.64,3.03,2.16,2.70,2.53,2.29,2.15,2.31
T_396,2.65,1.98,2.45,2.52,2.69,2.69,2.45,2.54,2.47,2.30,2.69,2.68,2.61,2.82,2.91,2.65,2.56,2.56,2.38,2.35,2.49,2.14,2.58,2.25,2.57,2.89,2.10,2.37,2.53,2.29,2.31,2.14
T_397,2.15,2.31,2.51,2.22,2.39,2.70,2.57,2.38,2.74,2.37,2.37,2.53,2.58,2.54,2.54,2.74,2.47,2.93,2.21,2.49,2.67,2.10,2.79,2.26,2.48,2.62,2.18,2.40,2.36,2.10,2.31,2.55
T_398,2.26,2.06,2.59,2.28,2.69,2.53,2.49,2.92,2.50,2.37,2.63,2.47,2.69,2.54,2.66,2.38,2.47,2.80,2.42,2.48,2.35,2.49,2.70,2.46,2.44,2.56,2.21,2.46,2.64,2.52,2.22,2.34
T_399,2.45,2.26,2.49,2.43,2.83,2.47,2.74,2.47,2.43,2.40,2.25,2.22,2.77,2.45,2.35,2.42,2.40,2.66,2.25,2.59,2.34,2.12,2.44,2.15,2.48,2.76,2.30,2.66,2.30,2.28,2.33,2.47
T_400,2.18,2.28,2.62,2.42,2.68,2.53,2.61,2.48,2.22,2.54,2.43,2.46,2.71,2.52,2.55,2.59,2.33,2.63,2.14,2.60,2.38,2.14,2.49,2.17,2.38,2.54,2.17,2.27,2.43,2.08,2.36,2.18
T_401,2.29,1.79,2.63,2.42,2.42,2.59,2.49,2.62,2.35,2.56,2.37,2.26,2.84,2.67,2.64,2.65,2.52,2.57,2.53,2.49,2.70,2.48,2.54,2.38,2.59,2.54,2.43,2.53,2.46,2.31,2.51,2.52
T_402,2.32,2.35,2.62,2.42,2.29,2.55,2.30,2.59,2.39,2.09,2.54,2.55,2.62,2.77,2.48,2.44,2.85,2.75,2.16,2.47,2.76,2.24,2.88,2.40,2.83,2.86,2.39,2.62,2.45,2.55,2.33,2.37
T_403,2.23,2.15,2.42,2.63,2.44,2.45,2.52,2.41,2.71,2.13,2.38,2.60,2.69,2.49,2.53,2.80,2.36,2.67,2.15,2.26,2.49,2.08,2.48,2.33,2.71,2.78,2.21,2.47,2.22,2.28,2.40,2.26
T_404,2.51,2.47,2.66,2.28,2.57,2.56,2.38,2.45,2.62,2.41,2.44,2.65,2.81,2.71,2.65,2.18,2.27,2.74,2.04,2.53,2.35,2.07,2.38,2.05,2.52,3.00,2.32,2.26,2.48,2.11,2.32,2.19
T_405,2.80,2.24,2.51,2.22,2.35,2.51,2.59,2.60,2.34,1.92,2.29,2.33,2.62,2.36,2.58,2.35,2.40,2.54,2.24,2.54,2.48,2.20,2.67,2.44,2.57,2.65,2.11,2.48,2.41,2.42,2.08,2.65
T_406,2.21,2.28,2.83,2.61,2.50,2.42,2.54,2.35,2.53,2.07,2.44,2.24,2.67,2.53,2.73,2.72,2.37,2.71,2.13,2.77,2.55,2.04,2.54,2.13,2.67,2.77,1.96,2.55,2.19,2.48,2.30,2.71
T_407,2.39,2.21,2.73,2.24,2.81,2.30,2.85,2.73,2.31,2.37,2.44,2.50,2.56,2.36,2.40,2.58,2.40,2.67,2.51,3.12,2.71,2.03,2.69,2.44,2.55,2.62,2.34,2.42,2.56,2.41,2.32,2.72
T_408,2.41,2.52,2.45,2.06,2.81,2.36,2.66,2.47,2.64,2.20,2.50,2.63,2.47,2.32,2.50,2.34,2.63,2.60,2.11,2.55,2.78,2.48,2.65,2.53,2.67,2.73,2.07,2.57,2.93,2.46,2.31,2.55
T_409,2.33,2.37,2.60,2.44,2.63,2.43,2.09,2.63,2.28,2.18,2.35,2.27,2.72,2.33,2.67,2.25,2.40,2.41,1.99,2.53,2.62,2.38,2.74,2.18,2.55,2.67,2.28,2.54,2.34,2.32,2.28,2.40
T_410,2.22,2.34,2.70,2.56,2.11,2.91,2.33,2.68,2.36,2.60,2.42,2.39,2.46,2.43,2.58,2.72,2.34,2.79,2.25,2.47,2.27,2.19,2.61,2.41,2.48,2.70,2.16,2.22,2.42,2.27,2.32,2.31
T_411,2.45,2.23,2.79,2.29,2.42,2.74,2.30,2.73,2.64,2.25,2.30,2.57,2.73,2.50,2.31,2.69,2.35,2.83,2.14,2.51,2.21,2.28,2.85,2.80,2.66,2.56,2.24,2.40,2.41,2.09,2.27,2.52
T_412,2.46,2.18,2.71,2.52,2.60,2.74,2.34,2.42,2.35,2.36,2.52,2.63,2.42,2.38,2.64,2.75,2.28,2.82,2.27,2.40,2.59,2.03,2.54,2.16,2.64,2.60,2.33,2.63,2.60,2.58,1.95,2.57
T_413,2.40,2.37,2.40,2.30,2.87,2.57,2.55,2.45,2.42,1.85,2.64,2.59,2.49,2.62,2.47,2.66,2.64,2.80,2.44,2.35,2.32,2.45,2.84,2.28,2.72,2.78,2.27,2.66,2.43,2.41,2.25,2.30
T_414,2.24,2.06,2.87,2.09,2.51,2.57,2.68,2.47,2.16,1.90,2.57,2.50,2.50,2.46,2.24,2.34,2.47,2.66,2.37,2.58,2.70,2.26,2.60,2.52,2.69,2.88,2.08,2.58,2.48,2.35,2.51,2.42
T_415,2.10,2.33,2.70,2.58,2.66,2.59,2.79,2.50,2.91,2.33,2.33,2.76,2.44,2.83,2.50,2.69,2.53,2.73,2.45,2.75,2.58,2.20,2.70,2.39,2.71,2.80,2.02,2.79,2.27,2.31,2.56,2.62
T_416,2.33,2.40,2.44,2.19,2.78,2.58,2.57,2.42,2.34,2.32,2.42,2.21,2.88,2.25,2.28,2.65,2.41,2.82,2.16,2.44,2.30,2.35,2.78,2.43,2.47,2.82,2.61,2.32,2.65,2.27,2.06,2.31
T_417,2.39,2.40,2.29,2.53,2.67,2.56,2.60,2.57,2.30,2.26,2.20,2.19,2.70,2.55,2.46,2.52,2.51,2.64,1.83,2.68,2.60,2.44,2.92,2.41,2.28,2.52,2.06,2.60,2.45,2.37,2.11,2.07
T_418,2.34,2.53,2.97,2.33,2.28,2.49,2.79,2.42,2.45,2.27,2.72,2.26,2.64,2.41,2.60,2.86,2.42,2.79,2.35,2.41,2.54,2.21,2.61,2.35,2.41,2.77,2.33,2.73,2.33,2.34,2.54,2.58
T_419,2.45,1.95,2.29,2.45,2.78,2.70,2.63,2.24,2.37,2.23,2.32,2.49,2.31,2.48,2.46,2.57,2.56,2.44,2.23,2.52,2.48,2.51,2.30,2.49,2.08,2.91,2.24,2.50,2.66,2.32,2.15,2.32
T_420,2.38,2.02,2.52,2.38,2.62,2.58,2.44,2.42,2.51,2.13,2.13,2.46,2.65,2.19,2.46,2.53,2.50,2.59,2.24,2.52,2.51,2.14,2.62,2.43,2.59,2.75,2.17,2.40,2.26,2.48,2.14,2.33
T_421,2.23,2.00,2.20,2.40,2.56,2.45,2.59,2.40,2.26,2.35,2.59,2.00,2.41,2.71,2.24,2.52,2.39,2.76,2.24,2.47,2.31,1.94,2.46,2.36,2.49,2.74,2.04,2.55,2.35,2.38,2.22,2.39
T_422,2.47,1.95,2.43,2.34,2.73,2.53,2.39,2.26,2.38,2.53,2.55,2.65,2.72,2.48,2.52,2.49,2.23,2.74,2.26,2.38,2.57,2.34,2.93,2.21,2.47,2.83,2.32,2.53,2.33,2.36,2.44,2.72
T_423,2.48,2.12,2.56,2.42,2.58,2.54,2.56,2.65,2.61,2.22,2.49,2.49,2.68,2.52,2.53,2.40,2.27,2.86,2.36,2.38,2.71,2.30,2.69,2.47,2.77,3.08,2.20,2.42,2.25,2.49,2.26,2.46
T_424,2.36,2.18,2.75,2.55,2.63,2.43,2.56,2.62,2.49,2.08,2.52,2.71,2.52,2.62,2.65,3.02,2.53,2.57,2.14,2.49,2.63,2.59,2.70,2.55,2.67,2.56,2.46,2.41,2.45,2.44,2.92,2.29
T_425,2.41,2.35,2.56,2.52,2.22,2.32,2.23,2.43,2.38,2.46,2.58,2.52,2.43,2.46,2.57,2.56,2.60,2.92,2.30,2.40,2.64,2.27,2.81,2.54,2.40,2.89,2.15,2.47,2.56,2.48,2.20,2.27
T_426,2.14,2.20,2.45,2.53,2.53,2.67,2.55,2.51,2.31,1.86,2.45,2.47,2.45,2.27,2.24,2.32,2.47,2.71,2.38,2.52,2.27,2.45,2.68,2.41,2.52,2.74,1.95,2.38,2.44,2.29,2.26,2.30
T_427,2.29,2.14,2.70,2.28,2.27,2.45,2.17,2.45,2.51,2.27,2.32,2.42,2.62,2.47,2.41,2.27,2.32,2.79,2.51,2.53,2.57,2.24,2.81,2.08,2.44,2.89,2.39,2.58,2.32,2.45,2.40,2.68
T_428,2.42,2.17,2.54,2.58,2.30,2.86,2.77,2.34,2.85,2.14,2.49,2.68,2.48,2.35,2.45,2.59,2.58,2.73,2.24,2.89,2.64,1.88,2.76,2.25,2.65,2.98,2.30,2.66,2.51,2.52,2.51,2.43
T_429,2.28,2.33,2.49,2.75,2.74,2.48,2.33,2.93,2.62,2.13,2.23,2.54,2.84,2.41,2.60,2.65,2.34,2.73,2.31,2.42,2.54,2.09,2.52,2.43,2.46,2.65,2.17,2.44,2.29,2.20,2.25,2.50
T_430,2.47,2.31,2.59,2.54,2.80,2.43,2.46,2.61,2.72,2.30,2.17,2.39,2.57,2.39,2.39,2.42,2.61,2.72,2.37,2.63,2.64,2.42,2.56,2.66,2.86,2.66,2.28,2.55,2.59,2.38,2.33,2.62
T_431,2.48,2.00,2.30,2.17,2.67,2.61,2.64,2.70,2.68,2.52,2.44,2.32,2.73,2.73,2.60,2.39,2.71,2.93,2.16,2.45,2.57,2.28,2.74,2.38,2.53,2.91,2.49,2.77,2.23,2.36,2.17,2.55
T_432,2.45,2.22,2.54,2.23,2.94,2.28,2.46,2.84,2.55,2.27,2.40,2.47,2.69,2.71,2.57,2.50,2.43,2.49,2.14,2.30,2.36,2.07,2.41,2.42,2.54,2.69,2.01,2.58,2.52,2.06,2.14,2.49
T_433,2.33,2.33,2.74,2.43,2.62,2.67,2.72,2.83,2.55,2.37,2.40,2.21,2.91,2.47,2.52,2.74,2.37,2.30,2.29,2.60,2.56,2.44,2.73,2.09,2.50,2.74,2.41,2.41,2.52,2.39,2.31,2.43
T_434,2.62,2.23,2.63,2.55,2.54,2.64,2.33,2.40,2.37,2.11,2.75,2.42,2.61,2.66,2.85,2.68,2.12,2.72,2.43,2.29,2.61,2.47,2.60,2.51,2.58,2.69,2.19,2.42,2.60,2.02,2.38,2.56
T_435,2.15,2.40,2.59,2.41,2.28,2.69,2.56,2.45,2.35,1.94,2.44,2.51,2.55,2.50,2.50,2.32,2.59,2.99,2.13,2.43,2.56,2.35,2.65,2.33,2.67,2.66,2.18,2.66,2.43,2.55,2.19,2.39
T_436,2.38,2.10,2.59,2.42,2.51,2.33,2.28,2.17,2.35,2.30,2.47,2.01,2.55,2.30,2.60,2.44,2.47,2.68,2.20,2.49,2.66,2.27,2.56,2.19,2.46,2.64,2.22,2.63,2.34,2.48,2.26,2.12
T_437,2.28,2.34,2.64,2.35,2.44,2.67,2.77,2.81,2.50,2.41,2.49,2.22,2.46,2.31,2.84,2.58,2.44,2.98,2.17,2.22,2.29,2.24,2.56,2.53,2.94,3.04,2.01,2.56,2.31,2.61,2.14,2.47
T_438,2.48,2.56,2.53,2.41,2.40,2.60,2.42,2.30,2.41,2.31,2.31,2.52,2.53,2.58,2.44,2.57,2.60,2.55,2.58,2.28,2.24,2.03,2.60,2.43,2.38,2.74,2.34,2.43,2.21,2.11,2.10,2.40
T_439,2.76,2.25,2.74,2.31,2.19,2.61,2.34,2.30,2.45,1.97,2.17,2.33,2.80,2.40,2.63,2.21,2.24,3.10,2.36,2.42,2.55,2.51,2.47,2.56,2.92,3.10,2.52,2.55,2.48,2.39,2.22,2.33
T_440,2.49,2.00,2.47,2.67,2.30,2.50,2.64,2.47,2.66,1.95,2.57,2.54,2.58,2.56,2.75,2.57,2.30,2.95,2.35,2.19,2.33,2.29,2.71,2.55,2.50,2.70,2.20,2.39,2.56,2.20,2.22,2.53
T_441,2.44,2.20,2.63,2.38,2.43,2.42,2.30,2.40,2.56,2.39,2.13,2.33,2.80,2.48,2.61,2.44,2.60,3.10,2.25,2.65,2.32,2.55,2.65,2.44,2.61,2.89,2.13,2.44,2.34,2.21,2.22,2.39
T_442,2.45,1.93,2.35,2.40,2.60,2.73,2.40,2.39,2.40,2.31,2.44,2.54,2.79,2.41,2.60,2.61,2.53,2.98,2.31,2.59,2.35,2.21,2.54,2.46,2.61,2.51,2.14,2.33,2.83,2.17,2.26,2.59
T_443,2.30,2.06,2.52,2.45,2.57,2.49,2.41,2.34,2.49,1.91,2.55,2.30,2.63,2.74,2.55,2.53,2.38,2.89,2.31,2.47,2.53,2.39,2.65,2.50,2.45,2.81,2.36,2.57,2.62,2.38,2.27,2.44
T_444,2.46,1.98,2.77,2.30,2.70,2.41,2.66,2.65,2.45,2.43,2.43,2.49,2.33,2.45,2.48,2.28,2.32,3.07,2.33,2.87,2.37,2.26,2.72,2.47,2.62,2.66,2.11,2.40,2.43,2.13,2.22,2.34
T_445,2.40,2.20,2.41,2.29,2.50,2.65,2.36,1.98,2.42,2.51,2.44,2.59,2.79,2.53,2.45,2.66,2.63,2.73,2.58,2.44,2.57,2.41,2.98,2.53,2.76,2.85,2.43,2.37,2.80,2.54,2.30,2.46
T_446,2.47,2.25,2.79,2.44,2.54,2.92,2.53,2.29,2.67,2.35,2.56,2.50,2.60,2.76,2.75,2.48,2.60,2.78,2.56,2.40,2.59,2.25,2.86,2.43,2.63,2.88,2.33,2.55,2.18,2.50,2.26,2.39
T_447,2.30,2.47,2.50,2.51,2.43,2.88,2.51,2.39,2.67,2.45,2.50,2.52,2.50,2.60,2.67,2.69,2.20,2.65,2.28,2.07,2.33,2.10,2.40,2.36,2.35,2.84,2.31,2.54,2.43,2.23,2.38,2.42
T_448,2.35,2.41,2.55,2.19,2.69,2.55,2.58,2.52,2.50,2.14,1.95,2.28,2.52,2.55,2.39,2.57,2.14,2.59,2.42,2.24,2.31,2.14,2.63,2.59,2.36,2.95,2.24,2.47,2.43,2.39,2.06,2.44
T_449,2.42,2.20,2.80,2.44,2.67,2.58,2.76,2.61,2.62,2.18,2.68,2.49,2.40,2.51,2.36,2.46,2.39,2.69,2.21,2.55,2.59,2.24,2.47,2.26,2.45,2.83,2.31,2.33,2.35,1.98,2.45,2.52
T_450,2.24,2.33,2.43,2.49,2.41,2.86,2.16,2.73,2.42,2.39,2.71,2.54,2.85,2.45,2.37,2.43,2.46,2.49,2.30,2.65,2.42,2.24,2.69,2.34,2.54,2.80,2.32,2.39,2.32,2.26,2.14,2.23
T_451,2.58,2.32,2.42,2.40,2.36,2.77,2.62,2.56,2.70,2.05,2.17,2.55,2.58,2.63,2.96,2.70,2.33,2.72,2.27,2.52,2.00,2.02,2.63,2.30,2.43,2.48,2.19,2.49,2.27,2.11,2.06,2.52
T_452,2.25,2.23,2.62,2.34,2.40,2.53,2.41,2.42,2.45,2.20,2.68,2.18,2.66,2.62,2.23,2.60,2.24,2.79,2.31,2.43,2.19,2.03,2.72,2.48,2.61,2.43,2.03,2.54,2.50,2.27,2.17,2.41
T_453,2.60,2.20,2.74,2.43,2.46,2.78,2.51,2.52,2.39,2.28,2.38,2.58,2.87,2.52,2.44,2.51,2.52,2.76,1.99,2.61,2.51,2.34,2.75,2.62,2.53,2.71,2.15,2.48,2.60,2.14,2.09,2.49
T_454,2.34,2.23,2.75,2.23,2.74,2.56,2.39,2.42,2.29,2.24,2.75,2.47,2.50,2.47,2.26,2.54,2.39,2.92,2.33,2.66,2.60,2.29,2.53,2.45,2.52,2.72,2.27,2.59,2.44,2.15,1.98,2.23
T_455,2.42,2.14,2.79,2.30,2.49,2.53,2.40,2.55,2.32,2.40,2.65,2.39,2.42,2.52,2.42,2.24,2.26,2.64,2.47,2.60,2.44,2.31,2.72,2.47,2.66,2.68,2.51,2.40,2.50,2.69,2.24,2.61
T_456,2.45,2.06,2.50,2.31,2.67,2.43,2.42,2.18,2.37,1.93,2.42,2.61,2.62,2.45,2.51,2.36,2.26,2.74,1.98,2.55,2.61,2.18,2.35,2.25,2.58,2.87,2.50,2.68,2.38,2.25,2.13,2.31
T_457,2.58,2.31,2.27,2.56,2.77,2.60,2.61,2.76,2.32,2.47,2.26,2.35,2.57,2.30,2.50,2.66,2.54,2.94,2.41,2.38,2.68,2.51,2.64,2.37,2.69,2.92,2.29,2.50,2.54,2.71,2.49,2.37
T_458,2.33,2.35,2.54,2.21,2.73,2.71,2.34,2.49,2.42,2.32,2.43,2.47,2.73,2.28,2.63,2.37,2.29,2.79,2.03,2.33,2.45,2.61,2.61,2.23,2.71,2.73,2.24,2.41,2.40,2.61,2.31,2.33
T_459,2.50,2.43,2.46,2.62,2.35,2.53,2.37,2.53,2.26,2.25,2.75,2.45,2.82,2.62,2.42,2.15,2.70,2.76,2.25,2.50,2.63,2.37,2.74,2.30,2.85,2.83,2.32,2.46,2.46,2.11,2.44,2.71
T_460,2.36,2.35,2.44,2.38,2.40,2.69,2.87,2.72,2.74,2.33,2.52,2.53,2.96,2.53,2.60,2.40,2.42,2.95,2.53,2.57,2.45,2.27,2.94,2.39,2.66,2.86,2.10,2.73,2.37,2.20,2.06,2.17
T_461,2.39,2.14,2.81,2.66,2.52,2.58,2.33,2.50,2.43,2.05,2.35,2.65,2.58,2.26,2.37,2.74,2.68,2.55,2.30,2.44,2.64,2.17,2.51,2.28,2.72,2.69,2.34,2.59,2.30,2.08,2.34,2.65
T_462,2.36,2.26,2.53,2.53,2.31,2.71,2.61,2.67,2.32,2.16,2.28,2.29,2.41,2.27,2.42,2.63,2.32,2.78,2.11,2.57,2.63,2.32,2.65,2.24,2.40,2.94,2.09,2.31,2.27,2.35,2.28,2.29
T_463,2.48,2.11,2.75,2.66,3.02,2.64,2.51,2.67,2.23,2.16,2.13,2.16,2.49,2.26,2.49,2.48,2.57,2.66,2.16,2.44,2.45,2.47,2.95,2.40,2.50,3.07,2.44,2.28,2.60,2.55,2.36,2.55
T_464,2.16,2.23,2.99,2.53,2.45,2.44,2.35,2.60,2.63,2.56,2.42,2.27,2.84,2.51,2.30,2.36,2.22,2.97,2.29,2.32,2.54,2.32,2.95,2.22,2.22,2.86,2.13,2.19,2.55,2.26,2.14,2.34
T_465,2.29,2.28,2.37,2.41,2.37,2.48,2.57,2.39,2.78,2.16,2.25,2.50,2.71,2.53,2.76,2.68,2.47,2.74,2.22,2.43,2.67,2.31,2.72,2.07,2.45,2.60,2.07,2.61,2.51,2.38,2.27,2.40
T_466,2.48,2.39,2.71,2.17,2.69,2.42,2.15,2.87,2.17,2.48,2.26,2.30,2.37,2.43,2.39,2.72,2.29,2.45,2.08,2.56,2.39,2.14,2.62,2.41,2.43,2.71,2.36,2.50,2.41,2.19,2.20,2.41
T_467,2.35,2.30,2.42,2.10,2.50,2.09,2.39,2.79,2.45,2.32,2.35,2.51,2.62,2.36,2.49,2.49,2.11,2.60,2.26,2.16,2.57,2.17,2.61,2.36,2.38,2.87,2.23,2.39,2.53,2.35,1.95,2.35
T_468,2.74,2.15,2.58,2.06,2.51,2.44,2.63,2.51,2.39,2.20,2.56,2.54,2.49,2.46,2.36,2.37,2.71,2.94,2.49,2.63,2.55,2.36,2.71,2.15,2.81,3.07,2.64,2.47,2.58,2.04,2.42,2.69
T_469,2.52,2.31,2.59,2.55,2.55,2.52,2.36,2.52,2.24,2.11,2.61,2.24,2.52,2.47,2.64,2.33,2.51,3.09,2.30,2.65,2.65,2.32,2.47,2.44,2.81,2.95,2.39,2.71,2.42,2.31,2.60,2.40
T_470,2.49,2.24,2.38,2.42,2.60,2.54,2.42,2.42,2.29,2.28,2.32,2.27,2.60,2.74,2.42,2.32,2.59,2.71,2.29,2.78,2.70,2.64,2.56,2.49,2.93,2.85,2.48,2.38,2.64,2.49,2.50,2.53
T_471,2.32,2.17,2.77,2.48,2.44,2.61,2.54,2.54,2.70,2.39,2.37,2.74,2.48,2.50,2.35,2.48,2.32,2.82,2.32,2.53,2.34,2.37,2.72,2.17,2.87,2.84,2.25,2.33,2.30,2.12,2.27,2.33
T_472,2.60,2.44,2.39,2.41,2.77,2.73,2.22,2.57,2.26,2.39,2.44,2.44,2.61,2.45,2.33,2.46,2.27,2.57,2.25,2.18,2.23,2.23,2.50,2.46,2.43,2.51,2.12,2.43,2.59,2.28,2.39,2.36
T_473,2.43,2.08,2.53,2.23,2.23,2.66,2.64,2.42,2.29,2.17,2.51,2.73,2.78,2.56,2.72,2.59,2.54,3.18,2.35,2.45,2.34,2.47,2.94,2.60,2.78,2.73,2.19,2.48,2.22,2.31,2.27,2.05
T_474,2.24,2.15,2.34,2.39,2.65,2.71,2.61,2.30,2.69,2.21,2.47,2.63,2.70,2.41,2.54,2.69,2.35,2.95,2.27,2.38,2.69,2.48,2.69,2.61,2.48,2.89,2.40,2.65,2.57,2.17,2.49,2.55
T_475,2.26,2.23,2.91,2.42,2.64,2.73,2.43,2.56,2.48,2.41,2.29,2.49,2.69,2.38,2.42,2.45,2.82,2.66,2.31,2.86,2.72,2.33,2.59,2.35,2.85,2.77,2.61,2.70,2.34,2.53,2.34,2.45
T_476,2.46,2.33,2.55,2.30,2.69,2.70,2.26,2.44,2.48,2.18,2.33,2.13,2.72,2.24,2.55,2.61,2.27,2.69,2.34,2.35,2.29,2.22,2.74,2.47,2.36,2.61,2.26,2.48,2.19,2.56,2.31,2.23
T_477,2.35,2.58,2.59,2.45,2.56,2.56,2.46,2.54,2.49,2.35,2.56,2.60,2.62,2.55,2.74,2.46,2.28,2.76,2.44,2.49,2.81,1.88,2.49,2.41,2.42,2.57,2.37,2.54,2.56,2.31,2.54,2.24
T_478,2.41,2.43,2.69,2.41,2.66,2.59,2.41,2.29,2.73,2.05,2.45,2.70,2.65,2.79,2.56,2.61,2.50,2.43,2.29,2.34,2.55,2.51,2.64,2.15,2.52,2.56,2.16,2.50,2.38,2.19,2.40,2.60
T_479,2.59,2.11,2.68,2.41,2.52,2.60,2.50,2.57,2.35,1.99,2.50,2.47,2.81,2.44,2.57,2.66,2.39,3.03,2.12,2.43,2.60,2.27,2.49,2.47,2.70,2.75,2.13,2.40,2.14,2.32,2.34,2.67
T_480,2.59,2.11,2.40,2.38,2.72,2.64,2.44,2.68,2.53,2.15,2.34,2.40,2.64,2.46,2.74,2.63,2.49,2.63,2.17,2.47,2.50,2.39,2.50,2.32,2.51,2.87,2.48,2.29,2.48,2.20,2.31,2.43
T_481,2.36,2.27,2.49,2.31,2.79,3.14,2.52,2.70,2.28,2.44,2.11,2.42,2.35,2.50,2.18,2.50,2.24,2.99,2.31,2.24,2.28,2.17,2.59,2.49,2.33,2.75,2.17,2.31,2.47,2.49,2.08,2.46
T_482,2.47,2.57,2.77,2.11,2.59,2.31,2.69,2.33,2.59,2.27,2.45,2.14,2.74,2.69,2.56,2.18,2.55,2.76,2.26,2.38,2.54,2.36,2.41,2.46,2.70,3.11,2.29,2.38,2.49,2.16,2.38,2.22
T_483,2.61,2.09,2.26,2.24,2.43,2.63,2.61,2.57,2.41,2.23,2.57,2.20,2.47,2.17,2.54,2.50,2.38,2.57,2.20,2.24,2.34,2.18,2.73,2.17,2.67,2.48,2.21,2.85,2.36,2.21,2.28,2.60
T_484,2.39,2.29,2.43,2.41,2.75,2.56,2.71,2.56,2.39,2.29,2.37,2.73,2.51,2.61,2.34,2.41,2.63,2.59,2.84,2.73,2.67,2.33,2.67,2.45,2.65,2.79,2.55,2.79,2.48,2.09,2.48,2.28
T_485,2.31,2.14,2.46,2.27,2.41,2.59,2.43,2.47,2.18,2.20,2.42,2.55,2.47,2.76,2.23,2.40,2.55,2.85,2.30,2.32,2.57,2.24,2.61,2.49,2.29,3.05,2.34,2.48,2.46,2.61,2.60,2.52
T_486,2.44,2.12,2.68,2.42,2.57,2.68,2.52,2.50,2.40,2.40,2.60,2.34,2.70,2.56,2.45,2.60,2.27,2.65,2.32,2.41,2.66,2.10,2.69,2.47,2.43,2.93,2.16,2.40,2.47,2.49,2.32,2.50
T_487,2.38,2.25,2.65,2.30,2.57,2.37,2.45,2.49,2.52,2.35,2.80,2.49,2.88,2.37,2.67,2.42,2.61,2.79,2.50,2.36,2.55,2.12,2.57,2.36,2.63,2.52,2.22,2.61,2.51,2.48,2.10,2.47
T_488,2.33,2.35,2.56,2.20,2.74,2.35,2.42,2.37,2.47,2.10,2.51,2.45,2.59,2.18,2.54,2.50,2.37,2.87,2.23,2.67,2.53,2.36,2.63,2.73,2.43,2.53,2.38,2.27,2.48,2.39,2.30,2.71
T_489,2.49,2.13,2.48,2.55,2.43,2.49,2.45,2.57,2.45,2.02,2.13,2.35,2.64,2.60,2.57,2.59,2.09,2.75,2.26,2.58,2.63,2.37,2.74,2.51,2.53,2.65,2.33,2.48,2.57,2.11,2.64,2.33
T_490,2.15,2.50,2.68,2.66,2.55,2.30,2.53,2.39,2.23,2.24,2.10,2.34,2.53,2.54,2.61,2.55,2.66,2.99,2.58,2.82,2.80,2.15,2.81,2.54,2.46,2.77,2.21,2.53,2.67,2.52,2.18,2.55
T_491,2.68,2.19,2.53,2.48,2.75,2.37,2.55,2.31,2.55,1.91,2.40,2.82,2.24,2.68,2.43,2.54,2.48,2.68,2.29,2.66,2.41,2.43,2.16,2.29,2.55,2.80,1.83,2.54,2.64,2.43,2.49,2.42
T_492,2.17,2.39,2.52,2.54,2.34,2.63,2.25,2.55,2.45,2.45,2.53,2.55,2.78,2.60,2.62,2.47,2.58,2.72,2.06,2.64,2.54,2.29,2.45,2.43,2.54,2.76,1.95,2.73,2.28,2.47,2.22,2.45
T_493,2.38,2.25,2.61,2.63,2.43,2.67,2.84,2.56,2.80,2.45,2.25,2.30,2.55,2.53,2.58,2.58,2.24,2.87,2.42,2.39,2.37,2.18,2.53,2.49,2.44,2.77,2.19,2.38,2.27,2.46,2.33,2.57
T_494,2.22,2.39,2.26,2.61,2.71,2.64,2.57,2.67,2.60,2.17,2.37,2.49,2.56,2.49,2.42,2.35,2.36,2.97,2.46,2.73,2.31,2.40,2.59,2.62,2.46,2.77,2.32,2.48,2.44,2.20,2.45,2.43
T_495,2.28,2.56,2.51,2.37,2.26,2.67,2.33,2.65,2.67,2.71,2.66,2.47,2.52,2.32,2.53,2.58,2.46,2.96,2.43,2.46,2.45,2.39,2.89,2.15,2.44,2.87,2.06,2.55,2.45,2.16,2.38,2.33
T_496,2.62,2.26,2.62,2.66,2.50,2.55,2.36,2.51,2.25,2.16,2.38,2.56,2.55,2.33,2.45,2.63,2.22,2.78,1.97,2.38,2.30,2.51,2.52,2.53,2.55,2.71,2.24,2.18,2.47,2.17,2.27,2.13
T_497,2.30,2.23,2.63,2.29,2.62,2.51,2.72,2.67,2.36,2.26,2.49,2.57,2.57,2.41,2.36,2.56,2.46,3.09,2.14,2.55,2.65,2.21,2.89,2.60,2.82,2.96,2.41,2.58,2.54,2.54,2.22,2.40
T_498,2.49,2.16,2.66,2.34,2.45,2.77,2.48,2.61,2.39,2.04,2.51,2.38,2.57,2.67,2.37,2.23,2.19,2.72,2.13,2.39,2.38,2.63,2.64,2.32,2.66,2.80,2.14,2.39,2.41,2.10,2.31,2.30
T_499,2.59,2.26,2.69,2.22,2.83,2.60,2.64,2.56,2.45,2.13,2.17,2.46,2.90,2.39,2.64,2.57,2.30,2.67,2.51,2.54,2.38,2.27,2.50,2.26,2.84,2.87,2.20,2.42,2.49,2.31,2.27,2.12
T_500,2.33,2.37,2.35,2.56,2.51,2.48,2.90,2.39,2.59,2.09,2.66,2.39,2.81,2.57,2.44,3.09,2.38,2.59,2.49,2.20,2.38,2.08,2.82,2.17,2.76,2.66,2.43,2.49,2.43,2.10,2.02,2.53
T_501,2.52,2.25,2.62,2.31,2.76,2.33,2.53,2.52,2.56,2.21,2.75,2.73,2.73,2.59,2.67,2.50,2.38,2.69,2.19,2.39,2.50,2.25,2.85,2.33,2.63,2.68,2.31,2.50,2.47,2.51,2.38,2.31
T_502,2.38,2.08,2.51,2.15,2.69,2.63,2.48,2.35,2.71,2.15,2.73,2.76,2.72,2.64,2.64,2.47,2.37,2.66,2.36,2.59,2.69,2.22,2.53,2.40,2.42,2.59,2.24,2.63,2.54,2.29,2.26,2.58
T_503,2.55,2.29,2.19,2.68,2.46,2.61,2.49,2.24,2.29,2.45,2.31,2.52,2.69,2.62,2.43,2.47,2.45,2.77,2.51,2.60,2.36,2.15,2.70,2.81,2.61,2.46,2.18,2.75,2.65,2.10,2.29,2.35
T_504,2.52,2.02,2.69,2.39,2.60,2.40,2.48,2.29,2.27,2.10,2.19,2.29,2.66,2.58,2.40,2.35,2.70,2.66,2.40,2.46,2.20,2.31,2.67,2.82,2.74,2.59,2.26,2.62,2.53,2.23,2.21,2.49
T_505,2.57,2.25,2.38,2.43,2.56,2.85,2.46,2.40,2.57,2.42,2.46,2.57,3.03,2.72,2.48,2.29,2.38,3.19,2.21,2.59,2.37,2.23,2.48,2.25,2.67,2.99,2.41,2.41,2.58,2.44,2.41,2.38
T_506,2.40,2.35,2.58,2.32,2.64,2.40,2.56,2.50,2.60,2.44,2.65,2.39,3.05,2.75,2.66,2.61,2.73,2.82,2.42,2.38,2.33,2.49,2.82,2.50,2.46,2.55,2.25,2.25,2.37,2.24,2.40,2.24
T_507,2.17,2.16,2.44,2.45,2.42,2.56,2.29,2.34,2.59,2.21,2.65,2.47,2.92,2.61,2.70,2.82,2.23,2.85,2.19,2.66,2.46,2.41,2.52,2.62,2.74,2.80,2.34,2.41,2.56,2.50,2.42,2.38
T_508,2.39,1.96,2.51,2.32,2.43,2.83,2.57,2.59,2.51,2.12,2.57,2.38,2.58,2.35,2.51,2.59,2.64,2.98,2.51,2.72,2.97,2.42,2.60,2.57,2.61,2.99,2.19,2.38,2.52,2.24,2.50,2.34
T_509,2.30,2.47,2.46,2.45,2.25,2.85,2.68,2.38,2.28,2.31,2.09,2.39,2.64,2.62,2.62,2.53,2.51,2.99,2.46,2.40,2.43,1.97,2.82,2.40,2.49,2.91,2.19,2.88,2.59,2.32,2.33,2.30
T_510,2.54,2.32,2.59,2.46,2.33,2.46,2.62,2.53,2.07,2.22,2.34,2.73,2.54,2.50,2.71,2.69,2.75,2.70,2.30,2.37,2.29,2.10,2.57,2.23,2.49,2.67,2.17,2.32,2.32,2.45,2.20,2.23
T_511,2.52,2.36,2.42,2.55,2.58,2.72,2.74,2.51,2.38,2.15,2.47,2.68,2.68,2.56,2.38,2.37,2.37,2.79,2.30,2.58,2.61,2.05,2.71,2.67,2.44,2.77,2.24,2.59,2.55,2.53,2.32,2.48
T_512,2.09,2.39,2.86,2.42,2.51,2.74,2.84,2.47,2.41,2.20,2.62,2.57,2.84,2.61,2.61,2.64,2.21,2.68,2.46,2.31,2.60,2.42,2.69,2.12,2.45,2.70,2.43,2.22,2.65,2.20,2.02,2.33
T_513,2.39,1.97,2.67,2.41,2.53,2.65,2.47,2.59,2.34,2.31,2.44,2.44,2.63,2.43,2.49,2.32,2.73,2.49,2.30,2.80,2.51,2.55,2.55,2.57,2.60,2.73,2.39,2.62,2.61,2.78,2.63,2.64
T_514,2.39,2.00,2.48,2.29,2.87,2.74,2.36,2.86,2.32,2.27,2.54,2.49,2.51,2.66,2.32,2.55,2.28,2.71,2.47,2.17,2.54,2.36,2.73,2.47,2.63,2.63,2.28,2.80,2.59,2.19,2.35,2.56
T_515,2.56,2.01,2.53,2.71,2.49,2.92,2.55,2.27,2.36,2.28,2.28,2.44,2.44,2.35,2.71,2.59,2.74,2.79,2.39,2.60,2.65,2.48,2.76,2.59,2.36,2.59,2.42,2.58,2.70,2.42,2.42,2.44
T_516,2.20,2.10,2.94,2.41,2.43,2.52,2.35,2.37,2.33,2.26,2.27,2.15,2.51,2.52,2.30,2.58,2.26,2.43,2.23,2.63,2.18,2.19,2.81,2.44,2.72,2.56,2.24,2.52,2.21,2.15,1.88,2.43
T_517,2.44,2.44,2.49,2.49,2.60,2.63,2.43,2.51,2.62,2.41,2.73,2.56,2.75,2.65,2.35,2.74,2.62,2.64,2.41,2.78,2.59,2.48,2.84,2.72,2.53,3.01,2.49,2.69,2.76,2.40,2.57,2.53
T_518,2.33,2.22,2.88,2.35,2.53,2.49,2.25,2.42,2.67,2.14,2.39,2.40,2.45,2.49,2.36,2.71,2.51,3.04,2.47,2.44,2.54,2.37,3.03,2.60,2.50,2.77,2.55,2.44,2.54,2.33,2.23,2.36
T_519,2.10,2.18,2.59,2.41,2.45,2.63,2.52,2.42,2.68,2.20,2.39,2.81,2.48,2.50,2.53,3.08,2.61,2.48,2.31,2.31,2.36,2.11,2.57,2.34,2.63,2.47,2.55,2.11,2.46,2.53,2.26,2.26
T_520,2.55,2.28,2.75,2.45,2.36,2.52,2.36,2.17,2.59,2.23,2.57,2.28,2.73,2.74,2.35,2.60,2.20,2.72,1.99,2.52,2.24,2.10,2.68,2.19,2.46,2.77,2.11,2.72,2.44,2.35,2.29,2.43
T_521,2.31,2.37,2.48,2.35,2.33,2.38,2.58,2.47,2.39,2.24,2.38,2.50,2.58,2.54,2.45,2.15,2.44,2.51,2.43,2.48,2.42,2.32,2.40,2.30,2.42,2.75,2.37,2.57,2.42,2.26,2.33,2.24
T_522,1.79,2.12,2.53,2.44,2.72,2.74,2.54,2.42,2.45,2.43,2.38,2.57,2.62,2.68,2.39,2.77,2.48,2.74,2.54,2.29,2.43,2.32,2.74,2.41,2.31,2.48,2.10,2.43,2.43,2.04,2.43,2.40
T_523,2.44,2.22,2.48,2.28,2.60,2.64,2.35,2.22,2.33,2.35,2.29,2.24,2.26,2.41,2.51,2.46,2.52,2.92,2.23,2.75,2.75,2.25,2.73,2.51,2.38,2.74,2.23,2.40,2.56,2.27,2.45,2.15
T_524,2.21,2.28,2.53,2.42,2.72,2.61,2.66,2.47,2.56,2.22,2.61,2.48,2.56,2.55,2.70,2.82,2.27,2.84,2.23,2.73,2.68,2.18,2.41,2.30,2.61,2.62,2.12,2.58,2.31,2.32,2.50,2.62
T_525,2.37,2.44,2.51,2.23,2.38,2.55,2.62,2.59,2.40,2.23,2.49,2.68,2.53,2.37,2.24,2.88,2.57,2.77,2.89,2.43,2.62,2.46,3.02,2.42,2.57,2.99,2.50,2.74,2.48,2.05,2.34,2.67
T_526,2.49,2.13,2.82,2.41,2.40,2.56,1.97,2.72,2.64,2.07,2.73,2.51,2.56,2.48,2.49,2.95,2.47,2.45,2.41,2.51,2.56,2.19,2.43,2.24,2.61,2.52,2.36,2.56,2.42,2.24,2.36,2.43
T_527,2.50,2.41,2.65,2.47,2.84,2.44,2.60,2.83,2.45,2.02,2.20,2.58,2.58,2.42,2.27,2.88,2.28,2.88,2.05,2.28,2.46,2.45,2.74,2.61,2.46,2.91,2.36,2.58,2.33,2.15,2.34,2.58
T_528,2.32,2.21,2.33,2.25,2.56,2.17,2.45,2.67,2.29,2.05,2.49,2.30,2.43,2.37,2.41,2.59,2.43,2.49,2.57,2.29,2.48,2.26,2.74,2.37,2.61,2.96,2.25,2.71,2.49,2.34,2.29,2.28
T_529,2.41,2.28,2.59,2.54,2.39,2.62,2.46,2.46,2.69,1.99,2.67,2.50,2.54,2.53,2.93,2.60,2.55,3.04,2.28,2.47,2.47,2.27,2.77,2.43,2.60,2.64,2.42,2.51,2.49,2.42,2.25,2.37
T_530,2.31,2.60,2.42,2.35,2.88,2.66,2.32,2.29,2.59,2.01,2.43,2.14,2.55,2.42,2.36,2.43,2.57,3.14,2.58,2.43,2.56,2.52,2.78,2.65,2.69,2.61,2.44,2.66,2.48,2.57,2.36,2.80
T_531,2.59,2.19,2.53,2.15,2.60,2.55,2.62,2.40,2.48,2.12,2.36,2.50,2.62,2.52,2.32,2.57,2.57,2.72,2.09,2.74,2.50,2.35,2.61,2.58,2.85,2.91,2.42,2.50,2.69,2.58,2.49,2.67
T_532,2.31,2.24,2.52,2.52,2.64,2.58,2.53,2.75,2.55,2.15,2.74,2.55,2.32,2.42,2.67,2.35,2.64,2.62,2.17,2.60,2.60,2.03,2.76,2.26,2.49,2.76,2.21,2.54,2.26,2.28,2.35,2.38
T_533,2.34,2.23,2.37,2.34,2.57,2.32,2.71,2.56,2.44,2.21,2.44,2.44,2.43,2.47,2.60,2.45,2.34,2.72,2.43,2.53,2.43,2.35,2.69,2.49,2.68,3.02,2.17,2.54,2.59,2.10,2.19,2.34
T_534,2.39,2.08,2.42,2.43,2.37,2.55,2.80,2.55,2.51,2.05,2.49,2.36,2.72,2.38,2.47,2.62,2.33,2.78,2.27,2.66,2.43,2.33,2.49,2.40,2.79,2.71,2.40,2.48,2.46,2.16,2.15,2.43
T_535,2.18,2.15,2.64,2.36,2.62,2.15,2.46,2.60,2.20,2.23,2.31,2.54,2.60,2.45,2.39,2.42,2.41,2.68,2.27,2.65,2.52,2.15,2.65,2.48,2.16,2.85,2.36,2.50,2.43,2.31,2.32,2.30
T_536,2.12,2.31,2.36,2.34,2.14,2.72,2.49,2.47,2.36,1.93,2.57,2.43,2.66,2.39,2.78,2.41,2.43,2.83,2.27,2.57,2.51,2.36,2.54,2.40,2.44,2.65,1.91,2.32,2.52,2.33,2.34,2.61
T_537,2.39,2.22,2.64,2.43,2.63,2.53,2.17,2.53,2.42,2.14,2.42,2.53,2.78,2.75,2.45,2.47,2.40,2.53,2.29,2.50,2.69,2.41,2.66,2.34,2.66,2.82,2.15,2.45,2.55,2.44,2.43,2.21
T_538,2.39,2.09,2.76,2.27,2.69,2.78,2.32,2.43,2.49,2.04,2.58,2.40,2.15,2.56,2.74,2.36,2.20,2.63,2.38,2.70,2.57,1.83,2.98,2.43,2.65,2.95,2.14,2.48,2.56,2.48,2.15,2.20
T_539,2.45,2.32,2.36,2.52,2.67,2.83,2.64,2.50,2.63,2.11,2.50,2.66,2.79,2.25,2.45,2.42,2.17,2.51,2.37,2.25,2.56,2.31,2.73,2.63,2.49,2.72,2.28,2.41,2.41,2.39,2.30,2.39
T_540,2.72,2.11,2.92,2.26,2.55,2.53,2.58,2.66,2.50,1.99,2.12,2.27,2.64,2.57,2.38,2.61,2.50,2.72,2.25,2.52,2.37,2.31,2.68,2.52,2.47,2.98,2.01,2.57,2.14,2.24,2.02,2.14
T_541,2.31,1.97,2.60,2.36,2.43,2.54,2.46,2.23,2.63,2.16,2.29,2.43,2.61,2.31,2.57,2.39,2.61,2.59,2.11,2.63,2.45,2.35,2.75,2.34,2.62,2.86,2.28,2.55,2.78,2.47,2.45,2.43
T_542,2.63,2.19,2.36,2.70,2.67,2.49,2.64,2.41,2.44,2.39,2.26,2.15,2.40,2.51,2.43,2.74,2.42,2.81,2.38,2.56,2.60,2.14,2.57,2.30,2.54,2.97,2.34,2.20,2.33,2.32,2.33,2.39
T_543,2.65,2.42,2.35,2.68,2.90,2.84,2.54,2.58,2.63,2.18,2.61,2.55,2.55,2.56,2.65,2.66,2.54,2.94,2.31,2.50,2.57,2.31,2.86,2.33,2.64,3.20,2.25,2.53,2.43,2.41,2.25,2.61
T_544,2.57,2.16,2.74,2.46,2.43,2.86,2.39,2.62,2.20,1.96,2.46,2.60,2.53,2.59,2.59,2.64,2.35,2.81,2.57,2.44,2.42,2.43,2.75,2.32,2.44,2.76,2.15,2.19,2.31,2.36,2.37,2.61
T_545,2.37,2.23,2.66,2.32,2.68,2.53,2.36,2.51,2.33,2.25,2.81,2.39,2.58,2.73,2.68,2.61,2.51,2.68,2.37,2.47,2.38,2.43,2.59,2.20,2.60,2.72,2.07,2.52,2.40,2.05,2.30,2.41
T_546,2.20,2.34,2.67,2.42,2.88,2.41,2.49,2.37,2.63,2.31,2.43,2.72,2.59,2.47,2.38,2.46,2.47,2.50,2.54,2.46,2.34,2.19,2.55,2.22,2.51,2.72,2.42,2.50,2.40,2.25,2.51,2.50
T_547,2.66,2.16,2.68,2.43,2.58,2.51,2.65,2.39,2.50,1.95,2.80,2.68,2.86,2.51,2.61,2.80,2.35,2.63,2.15,2.69,2.20,2.35,2.86,2.46,2.62,2.65,2.03,2.47,2.48,2.51,2.10,2.24
T_548,2.33,2.36,2.66,2.51,2.70,2.54,2.41,2.39,2.67,2.44,2.23,2.33,2.86,2.37,2.73,2.36,2.41,2.70,2.46,2.76,2.62,2.47,2.86,2.30,2.53,2.71,2.10,2.59,2.50,2.28,2.32,2.61
T_549,2.45,2.25,2.56,2.36,2.35,2.62,2.33,2.41,2.35,2.57,2.27,2.51,2.94,2.74,2.45,2.65,2.30,2.79,2.04,2.31,2.64,2.37,2.65,2.30,2.38,2.67,2.07,2.44,2.73,2.06,2.02,2.25
T_550,2.32,1.97,2.67,2.49,2.50,2.54,2.47,2.48,2.31,2.53,2.58,2.45,2.46,2.68,2.47,2.52,2.47,2.87,2.12,2.34,2.56,2.36,2.56,2.55,2.55,2.67,2.25,2.22,2.36,2.19,2.32,2.37
T_551,2.40,2.13,2.51,2.42,2.70,2.30,2.46,2.77,2.66,2.37,2.27,2.20,2.66,2.54,2.66,2.44,2.66,2.75,2.48,2.43,2.43,2.19,2.91,2.50,2.82,2.47,2.37,2.55,2.43,2.46,2.32,2.26
T_552,2.28,2.11,2.58,2.47,2.41,2.69,2.33,2.40,2.47,2.19,2.52,2.40,2.61,2.18,2.46,2.57,2.36,2.59,2.36,2.59,2.50,2.31,2.47,2.39,2.36,2.55,2.22,2.51,2.46,2.50,2.31,2.62
T_553,2.32,2.39,2.57,2.50,2.53,2.56,2.15,2.43,2.58,2.07,2.37,2.26,2.72,2.20,2.49,2.75,2.32,2.93,2.20,2.30,2.72,2.52,2.46,2.37,2.66,2.97,2.35,2.52,2.47,2.44,2.30,2.60
T_554,2.23,2.19,2.74,2.29,2.60,2.62,2.72,2.30,2.62,2.15,2.44,2.64,3.00,2.62,2.55,2.59,2.28,2.68,2.20,2.66,2.22,2.22,2.74,2.53,2.38,2.77,2.19,2.75,2.40,2.43,2.24,2.50
T_555,2.49,2.23,2.88,2.38,2.67,2.62,2.35,2.31,2.51,2.39,2.64,2.22,2.62,2.36,2.74,2.52,2.44,2.71,2.17,2.81,2.42,2.32,2.82,2.33,2.77,2.67,2.61,2.47,2.71,2.62,2.04,2.56
T_556,2.38,2.20,2.57,2.25,2.68,2.64,2.15,2.85,2.31,2.16,2.61,2.34,2.61,2.47,2.87,2.43,2.55,2.78,2.24,2.57,2.40,2.25,2.64,2.38,2.55,2.87,2.09,2.51,2.45,2.00,2.01,2.47
T_557,2.44,2.07,2.58,2.42,2.51,2.46,2.78,2.55,2.43,2.31,2.63,2.51,2.73,2.57,2.66,2.66,2.26,2.64,2.42,2.32,2.44,2.29,2.36,2.39,2.67,2.79,1.96,2.49,2.32,2.23,2.31,2.10
T_558,2.26,2.14,2.47,2.36,2.44,2.52,2.50,2.57,2.55,2.33,2.69,2.41,2.58,2.41,2.70,2.64,2.50,2.99,2.08,2.73,2.36,2.49,2.80,2.46,2.66,2.83,2.27,2.83,2.36,2.10,2.28,2.81
T_559,2.15,2.36,2.62,2.40,2.46,2.98,2.47,2.64,2.39,2.51,2.38,2.60,2.38,2.42,2.34,2.33,2.27,2.52,2.12,2.54,2.33,2.36,2.66,2.24,2.34,2.79,2.33,2.46,2.20,2.33,2.03,2.38
T_560,2.66,2.13,2.71,2.14,2.24,2.53,2.61,2.59,2.47,2.48,2.45,2.38,2.49,2.76,2.64,2.62,2.46,2.70,2.15,2.19,2.45,2.23,2.55,2.29,2.70,2.78,2.41,2.22,2.18,2.14,2.02,2.54
T_561,2.25,2.11,2.36,2.44,2.71,2.47,2.51,2.57,2.64,2.22,2.46,2.48,2.27,2.69,2.44,2.73,2.72,2.72,2.21,2.45,2.59,2.16,2.51,2.47,2.46,2.63,2.05,2.16,2.42,2.44,2.10,2.51
T_562,2.42,2.38,2.37,2.68,2.80,2.47,2.35,2.64,2.72,2.32,2.11,2.73,2.83,2.66,2.57,2.27,2.40,2.49,2.47,2.65,2.13,2.38,2.47,2.64,2.71,2.62,2.06,2.26,2.46,2.05,2.47,2.45
T_563,2.37,2.16,2.54,2.63,2.69,2.51,2.47,2.27,2.39,2.07,2.55,2.65,2.80,2.61,2.71,2.57,2.30,2.56,2.24,2.51,2.39,1.98,2.21,2.49,2.42,2.50,2.21,2.52,2.05,2.03,2.01,2.38
T_564,2.28,2.23,2.63,2.42,2.62,2.69,2.54,2.75,2.47,1.92,2.28,2.41,2.59,2.36,2.33,2.54,2.31,2.61,2.37,2.55,2.99,2.09,2.88,2.23,2.61,2.68,2.30,2.44,2.39,2.16,2.54,2.46
T_565,2.60,2.39,2.60,2.49,2.72,2.44,2.53,2.44,2.30,1.97,2.37,2.27,2.73,2.67,2.69,2.51,2.61,2.56,2.72,2.64,2.70,2.17,2.59,2.37,2.50,2.70,2.43,2.44,2.41,2.38,2.07,2.38
T_566,2.37,2.22,2.41,2.43,2.61,2.78,2.57,2.51,2.58,2.00,2.35,2.52,2.84,2.48,2.55,2.49,2.39,2.64,2.33,2.80,2.71,2.25,2.61,2.59,2.64,2.63,2.41,2.65,2.43,2.26,2.17,2.55
T_567,2.54,2.14,2.40,2.41,2.65,2.56,2.65,2.37,2.02,2.18,2.51,2.48,2.50,2.30,2.31,2.68,2.50,2.81,2.29,2.45,2.42,2.32,2.90,2.76,2.83,2.70,2.53,2.49,2.65,2.51,2.48,2.51
T_568,2.36,1.98,2.55,2.33,2.65,2.62,2.45,2.49,2.40,2.18,2.45,2.51,2.42,2.61,2.52,2.71,2.66,2.47,2.32,2.25,2.52,2.14,2.66,2.56,2.30,2.82,2.26,2.49,2.57,2.48,2.31,2.28
T_569,2.29,2.19,2.47,2.42,2.45,2.52,2.78,2.54,2.65,2.45,2.29,2.37,2.60,2.43,2.66,2.44,2.49,2.58,2.21,2.55,2.56,2.41,2.69,2.41,2.70,2.73,2.39,2.60,2.62,2.40,1.87,2.21
T_570,2.42,2.17,2.89,2.30,2.60,2.38,2.25,2.72,2.63,2.24,2.38,2.51,2.73,2.44,2.31,2.53,2.24,2.71,1.92,2.30,2.68,2.21,2.84,2.53,2.40,2.50,2.25,2.33,2.43,2.08,2.34,2.44
T_571,2.27,2.09,2.50,2.25,2.48,2.71,2.19,2.60,2.37,2.34,2.54,2.34,2.42,2.45,2.65,2.45,2.48,2.73,2.17,2.23,2.40,2.23,2.87,2.38,2.74,2.67,2.19,2.68,2.23,2.25,2.36,2.36
T_572,2.39,2.23,2.65,2.62,2.41,2.55,2.04,2.50,2.27,2.51,2.18,2.39,2.75,2.81,2.52,2.42,2.25,2.74,2.21,2.43,2.45,2.10,2.67,2.50,2.27,2.88,2.11,2.38,2.52,2.34,1.96,2.26
T_573,2.47,2.13,2.70,2.33,2.53,2.62,2.39,2.18,2.64,2.42,2.41,2.40,2.83,2.57,2.71,2.63,2.37,2.58,2.37,2.65,2.45,2.22,2.56,2.50,2.61,2.76,2.19,2.42,2.37,2.21,2.52,2.45
T_574,2.11,2.25,2.77,2.38,2.58,2.85,2.30,2.36,2.45,2.21,2.40,2.59,2.83,2.31,2.47,2.48,2.22,2.64,2.52,2.39,2.70,2.35,2.66,2.63,2.57,2.83,2.23,2.11,2.32,2.41,2.45,2.55
T_575,2.57,1.93,2.71,2.43,2.47,2.57,2.22,2.53,2.79,2.25,2.21,2.73,2.73,2.49,2.88,2.44,2.09,2.72,2.33,2.61,2.50,2.42,2.70,2.33,2.49,2.78,2.07,2.49,2.59,2.11,2.41,2.37
T_576,2.68,2.22,2.52,2.36,2.51,2.26,2.29,2.50,2.56,2.20,2.62,2.50,2.79,2.33,2.39,2.53,2.48,2.73,2.34,2.50,2.36,2.49,2.52,2.39,2.67,2.62,1.98,2.43,2.24,2.30,2.27,2.38
T_577,2.06,2.11,2.72,2.53,2.56,2.68,2.50,2.29,2.60,2.10,2.63,2.09,2.77,2.41,2.39,2.41,2.48,3.05,2.19,2.29,2.37,2.34,2.78,2.09,2.91,2.66,2.34,2.39,2.38,2.11,1.83,2.36
T_578,2.57,2.20,2.53,2.45,2.55,2.47,2.30,2.25,2.43,2.01,2.58,2.31,2.65,2.40,2.51,2.46,2.18,3.13,2.12,2.54,2.59,2.43,2.50,2.53,2.66,2.60,2.23,2.12,2.53,2.13,2.00,2.34
T_579,2.39,2.29,2.66,2.57,2.44,2.81,2.38,2.64,2.34,2.04,2.56,2.33,2.51,2.25,2.31,2.29,2.58,2.86,2.33,2.61,2.40,2.42,2.60,2.47,2.46,2.59,2.12,2.47,2.39,2.40,2.29,2.33
T_580,2.62,2.14,2.91,2.24,2.58,2.77,2.37,2.65,2.48,2.64,2.45,2.40,2.91,2.89,2.62,2.75,2.33,2.65,2.35,2.80,2.43,2.12,2.45,2.12,2.64,2.86,2.22,2.85,2.39,1.97,2.25,2.58
T_581,2.45,2.07,2.63,2.52,2.56,2.67,2.64,2.46,2.55,2.25,2.32,2.60,2.62,2.46,2.64,2.43,2.24,2.64,2.40,2.54,2.68,2.27,2.48,2.74,2.64,2.63,2.27,2.40,2.33,2.48,2.18,2.47
T_582,2.41,2.24,2.71,2.35,2.90,2.61,2.68,2.33,2.39,2.10,2.55,2.50,2.89,2.57,2.39,2.45,2.62,2.70,2.41,2.35,2.64,2.32,2.69,2.53,2.47,2.87,2.46,2.54,2.49,2.22,2.29,2.43
T_583,2.46,2.02,2.58,2.33,2.65,2.72,2.16,2.51,2.49,2.31,2.33,2.33,2.78,2.65,2.64,2.60,2.60,2.64,2.58,2.40,2.69,2.39,2.83,2.55,2.63,3.00,2.21,2.90,2.65,2.50,2.43,2.59
T_584,2.26,2.12,2.55,2.32,2.66,2.28,2.68,2.35,2.46,2.24,2.14,2.53,2.47,2.37,2.55,2.79,2.31,2.82,2.26,2.32,2.47,2.40,2.67,2.86,2.19,2.82,2.39,2.53,2.54,2.00,2.26,2.50
T_585,2.13,2.51,2.68,2.17,2.60,2.58,2.46,2.57,2.45,2.06,2.44,2.48,2.78,2.49,2.56,2.93,2.27,2.70,2.13,2.50,2.55,2.38,2.78,2.36,2.64,2.83,2.22,2.55,2.44,2.25,2.29,2.09
T_586,2.41,2.17,2.31,2.29,2.72,2.70,2.37,2.70,2.42,2.21,2.52,2.56,2.73,2.43,2.08,2.74,2.60,2.92,2.16,2.46,2.32,2.35,2.53,2.53,2.66,2.88,2.35,2.54,2.11,2.33,2.18,2.30
T_587,2.40,2.16,2.45,2.32,2.60,2.58,2.29,2.83,2.65,2.32,2.62,2.45,2.52,2.69,2.83,2.58,2.88,2.97,2.22,2.60,2.40,2.59,2.72,2.42,2.57,2.98,2.45,2.60,2.43,2.51,2.41,2.12
T_588,2.34,1.99,2.56,2.42,2.83,2.55,2.46,2.55,2.22,2.25,2.61,2.24,2.85,2.40,2.36,2.28,2.67,2.97,2.28,3.04,2.44,2.37,2.77,2.51,2.51,2.66,2.33,2.11,2.52,2.58,2.35,2.30
T_589,2.19,2.08,2.42,2.38,2.46,2.62,2.65,2.51,2.35,2.08,1.97,2.27,2.65,2.38,2.62,2.70,2.21,2.86,2.34,2.78,2.34,2.62,2.49,2.22,2.45,2.73,2.05,2.43,2.23,2.18,2.37,2.50
T_590,2.37,1.95,2.56,2.34,2.47,2.45,2.44,2.59,2.37,2.00,2.25,2.38,2.91,2.45,2.52,2.47,2.30,2.60,2.60,2.46,2.62,2.47,2.62,2.41,2.43,2.79,2.45,2.45,2.30,2.13,2.24,2.48
T_591,2.23,2.21,2.75,2.31,2.55,2.47,2.42,2.34,2.73,2.15,2.33,2.25,2.50,2.48,2.52,2.66,2.44,2.62,2.28,2.27,2.23,2.36,2.63,2.30,2.54,2.70,2.20,2.67,2.24,2.21,2.26,2.07
T_592,2.29,2.38,2.81,2.69,2.80,2.62,2.32,2.43,2.43,2.54,2.49,2.24,2.42,2.46,2.68,2.51,2.26,2.72,2.22,2.69,2.63,2.37,2.58,2.58,2.93,3.08,2.41,2.58,2.54,2.32,2.50,2.73
T_593,2.15,2.14,2.72,2.19,2.70,2.48,2.54,2.44,2.39,2.19,2.68,2.52,2.68,2.57,2.69,2.36,2.42,2.66,2.38,2.60,2.55,2.52,3.10,2.59,2.69,2.82,2.64,2.74,2.50,2.38,2.51,2.74
T_594,2.27,2.07,2.62,2.31,2.55,2.51,2.71,2.25,2.79,2.10,2.41,2.64,2.54,2.63,2.54,2.69,2.59,2.89,2.16,2.52,2.72,2.34,3.02,2.14,2.52,2.76,2.06,2.60,2.62,2.47,2.20,2.39
T_595,2.41,2.24,2.62,2.50,2.48,2.44,2.33,2.31,2.72,2.34,2.49,2.49,2.51,2.55,2.77,2.46,2.66,2.27,2.31,2.36,2.55,2.57,2.63,2.70,2.87,2.60,2.28,2.29,2.58,2.27,2.28,2.47
T_596,2.24,2.18,2.60,2.51,2.21,2.69,2.31,2.77,2.44,2.26,2.24,2.44,2.52,2.67,2.57,2.60,2.49,2.84,2.43,2.62,2.66,2.53,2.57,2.48,2.57,2.61,2.30,2.46,2.46,2.32,2.38,2.30
T_597,2.13,2.19,2.54,2.30,2.63,2.35,2.54,2.46,2.47,2.14,2.51,2.60,2.78,2.66,2.72,2.80,2.36,2.46,1.94,2.59,2.45,2.29,2.94,2.29,2.37,2.87,2.09,2.60,2.48,2.34,2.15,2.22
T_598,2.52,2.25,2.52,2.66,2.72,2.50,2.58,2.13,2.51,2.15,2.22,2.50,2.78,2.57,2.67,2.45,2.60,2.74,2.52,2.40,2.56,2.33,2.60,2.55,2.69,2.90,2.45,2.27,2.46,2.23,2.35,2.60
T_599,2.22,2.13,2.23,2.43,2.89,2.64,2.33,2.34,2.48,2.02,2.52,2.25,2.72,2.16,2.62,2.61,2.55,2.91,2.52,2.53,2.51,2.13,2.67,2.30,2.46,2.85,2.19,2.66,2.22,2.09,2.19,2.50
T_600,2.31,2.00,2.54,2.40,2.58,2.83,2.41,2.38,2.61,2.45,2.22,2.44,2.59,2.30,2.60,2.36,2.64,2.54,2.36,2.56,2.65,2.33,2.54,2.54,2.57,3.15,2.23,2.55,2.49,2.34,2.18,2.38
T_601,2.40,2.21,2.69,2.35,2.71,2.57,2.75,2.45,2.34,2.00,1.88,2.65,2.28,2.38,2.12,2.43,2.55,2.72,2.46,2.39,2.50,2.32,2.78,2.26,2.68,2.76,2.28,2.79,2.48,2.27,2.13,2.72
T_602,2.35,2.20,2.75,2.44,2.40,2.66,2.41,2.59,2.61,2.10,2.59,2.37,2.65,2.58,2.55,2.50,2.48,2.85,2.13,2.51,2.70,2.09,2.62,2.45,2.78,3.05,1.91,2.44,2.06,2.32,2.35,2.51
T_603,2.36,2.22,2.84,2.26,2.67,2.52,2.39,2.58,2.60,2.10,2.59,2.23,2.47,2.52,2.68,2.36,2.40,2.84,2.11,2.41,2.68,1.80,2.59,2.41,2.44,3.01,2.16,2.39,2.35,2.46,2.12,2.55
T_604,2.11,1.91,2.53,2.38,2.84,2.26,2.38,2.45,2.40,2.25,2.50,2.44,2.57,2.37,2.50,2.53,2.43,2.64,2.63,2.46,2.47,2.50,2.78,2.47,2.72,2.77,2.32,2.49,2.74,2.51,2.33,2.51
T_605,2.56,2.11,2.71,2.24,2.55,2.64,2.73,2.61,2.48,2.25,2.33,2.26,2.60,2.48,2.19,2.41,2.56,2.71,2.48,2.66,2.52,2.48,2.73,2.30,2.48,2.58,2.18,2.49,2.37,2.14,2.25,2.25
T_606,2.37,2.13,2.56,2.62,2.76,2.58,2.69,2.70,2.18,2.19,2.34,2.71,3.08,2.50,2.61,2.57,2.37,2.77,2.47,2.44,2.66,2.35,2.79,2.18,2.57,2.55,2.34,2.34,2.44,2.37,2.37,2.55
T_607,2.24,2.25,2.86,2.38,2.66,2.63,2.61,2.55,2.64,2.07,2.60,2.29,2.89,2.31,2.76,2.48,2.64,2.70,2.50,2.41,2.59,2.22,2.50,2.49,2.62,2.57,2.27,2.33,2.44,2.18,2.20,2.59
T_608,2.35,2.05,2.52,2.17,2.36,2.85,2.09,2.67,2.43,2.19,2.66,2.51,2.44,2.73,2.20,2.39,2.37,2.75,2.17,2.54,2.64,2.13,2.73,2.32,2.69,2.92,2.54,2.55,2.59,2.17,2.78,2.43
T_609,2.29,2.07,2.43,2.63,2.66,2.58,2.48,2.70,2.36,2.33,2.59,2.82,2.70,2.73,2.61,2.56,2.42,2.59,2.51,2.57,2.44,2.48,2.59,2.41,2.58,2.61,2.03,2.58,2.84,2.44,2.24,2.54
T_610,2.42,2.06,2.73,2.56,2.55,2.42,2.36,2.56,2.35,2.09,2.45,2.60,2.18,2.52,2.24,2.78,2.25,2.74,2.46,2.38,2.51,2.26,2.47,2.70,2.75,2.64,2.30,2.57,2.46,2.18,1.96,2.35
T_611,2.18,2.51,2.73,2.46,2.56,2.64,2.51,2.39,2.47,2.19,2.43,2.39,2.46,2.51,2.74,2.69,2.54,2.64,2.32,2.68,2.66,2.37,2.71,2.45,2.56,2.69,2.57,2.80,2.62,2.21,2.25,2.62
T_612,2.30,1.99,2.48,2.29,2.48,2.54,2.72,2.57,2.46,2.40,2.49,2.24,2.40,2.42,2.43,2.66,2.44,2.72,2.36,2.35,2.74,2.27,2.64,2.28,2.71,2.71,2.43,2.53,2.27,2.24,2.18,2.30
T_613,2.30,2.25,2.46,2.32,2.35,2.54,2.47,2.45,2.37,2.30,2.32,2.49,2.55,2.43,2.48,2.42,2.56,2.60,2.49,2.70,2.31,2.30,3.11,2.50,2.79,2.69,2.19,2.73,2.38,2.45,2.52,2.47
T_614,2.52,1.86,2.77,2.25,2.38,2.56,2.38,2.64,2.58,2.18,2.28,2.44,2.68,2.62,2.52,2.50,2.47,2.82,2.37,2.52,2.29,2.33,2.63,2.58,2.52,2.47,2.02,2.58,2.53,2.57,2.39,2.40
T_615,2.57,2.38,2.64,2.70,2.45,2.45,2.62,2.52,2.45,2.42,2.32,2.68,2.87,2.64,2.74,2.74,2.59,2.50,2.12,2.51,2.88,2.21,2.43,2.33,2.76,2.79,2.16,2.49,2.45,2.28,2.15,2.51
T_616,2.58,2.17,2.25,2.28,3.00,2.75,2.60,2.45,2.45,1.83,2.37,2.30,2.74,2.54,2.62,2.26,2.60,2.79,2.23,2.87,2.51,2.15,2.67,2.68,2.79,3.03,2.34,2.64,2.55,2.21,2.18,2.43
T_617,2.12,2.55,2.67,2.13,2.42,2.60,2.21,2.71,2.52,2.11,2.56,2.53,2.61,2.71,2.93,2.42,2.32,3.03,2.13,2.27,2.20,2.39,2.80,2.46,2.54,2.74,2.25,2.51,2.40,2.13,2.27,2.34
T_618,2.39,2.40,2.33,2.66,2.62,2.70,2.33,2.50,2.23,2.24,2.31,2.42,2.51,2.24,2.47,2.56,2.43,2.50,2.30,2.36,2.57,2.33,2.71,2.28,2.52,3.16,2.23,2.51,2.56,2.36,2.32,2.37
T_619,2.39,1.99,2.42,2.28,2.39,2.74,2.43,2.56,2.41,2.42,2.58,2.26,2.72,2.73,2.41,2.31,2.19,2.99,2.30,2.73,2.63,2.27,2.84,2.40,2.89,2.84,2.26,2.61,2.30,2.49,2.44,2.29
T_620,2.60,2.23,2.65,2.09,2.48,2.89,2.67,2.82,2.82,2.28,2.49,2.32,2.47,2.29,2.50,2.69,2.50,2.47,2.60,2.66,2.48,2.38,2.42,2.31,2.36,2.66,2.03,2.61,2.32,2.52,2.16,2.20
T_621,2.26,2.20,2.35,2.56,2.38,2.78,2.37,2.80,2.37,2.08,2.50,2.55,2.34,2.68,2.38,2.63,2.50,2.61,2.51,2.72,2.71,2.22,2.53,2.52,2.31,2.84,2.23,2.52,2.55,2.51,2.22,2.29
T_622,2.42,2.19,2.54,2.35,2.60,2.46,2.42,2.43,2.46,2.06,2.35,2.43,2.54,2.38,2.40,2.60,2.60,2.75,2.31,2.75,2.36,2.34,2.62,2.55,2.68,2.84,2.38,2.38,2.73,2.26,2.51,2.69
T_623,2.29,2.46,2.79,2.50,2.41,2.49,2.42,2.34,2.62,2.26,2.74,2.31,2.74,2.49,2.53,2.28,2.41,2.95,2.47,2.78,2.41,2.31,2.93,2.37,2.65,2.71,2.28,2.72,2.73,2.35,2.21,2.24
T_624,2.61,2.12,2.62,2.39,2.38,2.43,2.56,2.49,2.62,2.12,2.22,2.34,2.65,2.87,2.74,2.56,2.45,2.54,2.33,2.60,2.62,2.36,2.34,2.61,2.38,2.89,2.32,2.58,2.60,2.36,2.12,2.47
T_625,2.41,2.38,2.69,2.61,2.33,2.48,2.30,2.53,2.69,2.14,2.24,2.11,2.54,2.66,2.55,2.88,2.42,2.78,2.20,2.42,2.60,2.19,2.52,2.23,2.53,2.94,2.07,2.32,2.57,2.16,2.50,2.65
T_626,2.36,2.06,2.63,2.51,2.45,2.57,2.45,2.29,2.64,1.93,2.59,2.49,2.73,2.52,2.42,2.68,2.59,2.72,2.31,2.52,2.24,2.36,2.76,2.43,2.43,2.65,2.21,2.44,2.63,2.26,2.13,2.60
T_627,2.44,2.25,2.28,2.39,2.55,2.65,2.34,2.70,2.59,2.17,2.30,2.31,2.57,2.70,2.65,2.60,2.60,2.66,2.48,2.40,2.60,2.13,2.58,2.50,2.29,2.77,2.35,2.42,2.44,1.99,2.24,2.36
T_628,2.13,2.60,2.67,2.46,2.43,2.60,2.29,2.48,2.86,2.33,2.75,2.60,2.77,2.45,2.17,2.71,2.50,2.77,2.38,2.67,2.46,2.35,2.68,2.52,2.77,3.05,2.38,2.46,2.74,2.48,2.24,2.53
T_629,2.58,2.04,2.33,2.28,2.68,2.65,2.36,2.53,2.26,2.51,2.40,2.25,2.89,2.26,2.38,2.51,2.32,2.70,2.40,2.48,2.31,2.30,2.59,2.27,2.53,2.67,2.06,2.35,2.46,2.33,2.10,2.67
T_630,2.33,2.09,2.47,2.48,2.60,2.63,2.70,2.64,2.55,2.06,2.50,2.48,2.88,2.36,3.00,2.65,2.48,2.99,2.31,2.65,2.22,2.14,2.72,2.17,2.69,2.87,2.21,2.53,2.42,2.15,2.37,2.40
T_631,2.32,2.19,2.70,2.44,2.41,2.69,2.46,2.53,2.57,2.25,2.32,2.54,2.66,2.45,2.44,2.61,2.35,2.69,2.44,2.52,2.21,2.33,2.57,2.46,2.67,2.86,2.24,2.53,2.26,2.26,2.24,2.28
T_632,2.50,2.26,2.54,2.65,2.59,2.65,2.59,2.41,2.36,2.23,2.52,2.52,2.71,2.54,2.92,2.42,2.58,2.62,2.57,2.75,2.67,2.29,2.68,2.56,2.83,2.57,2.16,2.66,2.64,2.40,2.20,2.72
T_633,2.54,2.23,2.51,2.46,2.54,2.51,2.36,2.40,2.57,2.37,2.59,2.57,2.54,2.19,2.52,2.72,2.69,2.82,2.32,2.35,2.47,2.65,2.91,2.69,2.80,2.54,2.25,2.46,2.83,2.15,2.32,2.40
T_634,2.40,2.02,2.81,2.25,2.42,2.77,2.50,2.30,2.56,2.07,2.30,2.42,2.53,2.52,2.71,2.38,2.36,3.02,2.40,2.47,2.63,2.18,2.84,2.46,2.39,2.97,2.11,2.52,2.68,2.17,2.27,2.44
T_635,2.14,2.38,2.62,2.29,2.61,2.70,2.60,2.58,2.54,2.25,2.19,2.22,2.45,2.34,2.46,2.55,2.35,2.67,2.47,2.23,2.49,2.29,2.68,2.32,2.32,2.90,2.32,2.46,2.24,2.07,2.35,2.63
T_636,2.03,2.46,2.66,2.31,2.51,2.59,2.21,2.58,2.75,2.01,2.49,2.31,2.61,2.39,2.50,2.70,2.68,2.82,2.25,2.47,2.46,2.51,2.66,2.29,2.80,3.00,2.24,2.43,2.52,2.14,2.37,2.47
T_637,2.54,2.33,2.78,2.42,2.77,2.92,2.51,2.63,2.67,2.41,2.31,2.47,2.91,2.35,2.29,2.52,2.76,2.70,2.23,2.49,2.44,2.21,2.67,2.21,2.54,2.72,1.99,2.35,2.35,2.08,1.98,2.51
T_638,2.66,2.23,2.45,2.50,2.48,2.37,2.28,2.56,2.61,2.63,2.44,2.65,2.64,2.66,2.82,2.67,2.47,2.58,2.45,2.54,2.73,2.62,2.90,2.35,2.55,2.86,2.42,2.66,2.75,2.24,2.17,2.50
T_639,2.38,2.33,2.46,2.49,2.66,2.67,2.45,2.44,2.84,2.19,2.45,2.45,2.70,2.38,2.44,2.36,2.58,2.58,2.40,2.47,2.37,2.21,2.47,2.49,2.58,2.71,2.30,2.53,2.47,2.37,2.63,2.66
T_640,2.58,2.11,2.55,2.42,2.59,2.60,2.38,2.78,2.81,2.36,2.62,2.61,2.53,2.49,2.82,2.42,2.13,2.56,2.26,2.44,2.42,2.06,2.71,2.36,2.47,2.76,2.11,2.56,2.36,2.23,2.15,2.53
T_641,2.17,2.20,2.48,2.26,2.61,2.43,2.26,2.60,2.67,2.04,2.12,2.48,2.86,2.56,2.45,2.74,2.21,2.79,2.30,2.33,2.37,2.34,2.73,2.22,2.48,2.56,2.32,2.36,2.40,2.12,2.23,2.25
T_642,2.51,2.20,2.26,2.22,2.56,2.61,2.60,2.38,2.19,2.59,2.17,2.73,2.79,2.56,2.67,2.38,2.49,2.76,2.25,2.39,2.11,2.10,3.02,2.24,2.83,2.81,2.14,2.22,2.61,2.38,2.27,2.69
T_643,2.36,2.27,2.43,2.68,2.50,2.46,2.33,2.60,2.32,2.21,2.33,2.26,2.73,2.71,2.88,2.66,2.24,2.82,2.26,2.36,2.31,2.33,2.57,2.39,2.54,2.66,2.33,2.55,2.55,2.24,2.08,2.31
T_644,2.47,2.25,2.79,2.27,2.61,2.77,2.39,2.47,2.41,2.24,2.40,2.24,2.38,2.49,2.53,2.51,2.75,2.43,2.21,2.49,2.49,2.21,2.56,2.62,2.47,2.89,2.17,2.30,2.29,2.46,2.58,2.64
T_645,2.33,2.26,2.49,2.46,2.48,3.10,2.46,2.54,2.63,2.37,2.49,2.59,3.00,2.47,2.81,2.70,2.27,2.58,2.39,2.11,2.49,2.27,2.49,2.44,2.62,2.71,2.06,2.26,2.53,2.16,2.61,2.13
T_646,2.52,2.19,2.52,2.30,2.52,2.90,2.60,2.73,2.62,1.98,2.65,2.20,2.49,2.29,2.52,2.46,2.71,2.92,2.62,2.72,2.39,2.30,2.61,2.39,2.58,2.74,2.28,2.59,2.69,2.40,2.09,2.37
T_647,2.33,2.35,2.49,2.38,2.49,2.41,2.39,2.42,2.36,2.26,2.41,2.55,2.84,2.35,2.56,2.62,2.17,2.99,2.44,2.44,2.41,2.35,2.57,2.43,2.75,2.92,2.33,2.41,2.33,2.57,2.17,2.44
T_648,2.07,2.32,2.71,2.58,2.54,2.60,2.36,2.47,2.78,2.55,2.23,2.49,2.12,2.47,2.45,2.49,2.33,2.53,2.25,2.68,2.49,2.28,2.27,2.73,2.39,2.60,2.07,2.57,2.16,2.11,2.49,2.47
T_649,2.14,2.24,2.65,2.49,2.41,2.59,2.44,2.57,2.24,2.33,2.17,2.36,2.27,2.41,2.62,2.66,2.34,2.70,2.46,2.29,2.45,2.37,2.83,2.50,2.81,2.70,2.03,2.69,2.49,2.23,2.46,2.34
T_650,2.30,2.07,2.90,2.43,2.58,2.63,2.42,2.58,2.95,2.38,2.39,2.69,2.39,2.65,2.69,2.65,2.86,2.66,2.45,2.56,2.76,2.16,2.75,2.46,2.76,2.65,2.49,2.30,2.26,2.14,2.41,2.41
T_651,2.52,2.48,2.53,2.42,2.47,2.55,2.35,2.37,2.48,2.14,2.27,2.35,2.49,2.74,2.50,2.55,2.25,2.98,2.19,2.43,2.52,2.21,2.70,2.24,2.71,2.92,2.25,2.46,2.50,2.51,2.34,2.33
T_652,2.30,2.57,2.62,2.53,2.77,2.61,2.63,2.76,2.50,2.20,2.53,2.40,2.46,2.38,2.56,2.56,2.57,2.67,2.41,2.62,2.55,2.24,2.77,2.30,2.30,2.92,2.19,2.74,2.71,2.18,2.03,2.44
T_653,2.42,2.22,2.97,2.44,2.49,2.64,2.51,2.69,2.56,2.21,2.59,2.56,2.61,2.36,2.47,2.17,2.80,2.53,2.13,2.64,2.53,2.35,2.86,2.53,2.52,2.98,2.46,2.66,2.66,2.44,2.14,2.68
T_654,2.50,2.42,2.38,2.42,2.36,2.67,2.43,2.71,2.59,2.55,2.42,2.43,2.43,2.18,2.40,2.35,2.26,2.83,2.63,2.58,2.69,2.43,2.61,2.61,2.52,2.65,2.14,2.60,2.21,2.12,2.32,2.42
T_655,2.38,2.13,2.58,2.20,2.80,2.45,2.43,2.33,2.59,2.37,2.71,2.48,2.71,2.56,2.43,2.57,2.67,2.95,2.65,2.65,2.65,2.25,2.55,2.76,2.64,2.85,2.55,2.52,2.52,2.44,2.34,2.43
T_656,2.30,2.35,2.54,2.22,2.56,2.67,2.34,2.68,2.57,2.15,2.30,2.55,2.42,2.49,2.35,2.65,2.39,2.52,2.44,2.29,2.42,2.30,2.58,2.51,2.33,2.70,2.23,2.52,2.24,2.29,2.09,2.11
T_657,2.21,2.26,2.49,2.63,2.53,2.98,2.44,2.65,2.52,2.41,2.27,2.64,2.45,2.60,2.68,2.50,2.26,2.79,2.39,2.30,2.62,2.08,2.43,2.45,2.62,2.51,1.94,2.53,2.66,2.20,2.14,2.47
T_658,2.12,2.35,2.63,2.46,2.67,2.77,2.53,2.39,2.44,2.25,2.71,2.17,2.54,2.48,2.57,2.58,2.25,2.93,2.29,2.63,2.47,2.24,2.67,2.53,2.40,2.96,2.37,2.70,2.28,2.20,2.18,2.64
T_659,2.50,2.33,2.59,2.51,2.65,2.23,2.65,2.52,2.29,2.30,2.39,2.27,2.54,2.50,2.54,2.56,2.35,2.86,2.35,2.36,2.37,2.14,2.91,2.29,2.68,2.82,2.30,2.46,2.18,2.35,2.34,2.33
T_660,2.28,2.39,2.47,2.17,2.52,2.66,2.23,2.58,2.23,2.24,2.35,2.61,2.76,2.78,2.27,2.74,2.24,2.66,2.50,2.40,2.48,2.45,2.76,2.38,2.67,2.79,2.24,2.42,2.31,2.45,2.21,2.49
T_661,2.45,2.14,2.49,2.25,2.45,2.61,2.59,2.70,2.44,2.20,2.32,2.25,2.36,2.86,2.62,2.62,2.50,2.62,2.63,2.03,2.58,2.29,2.74,2.64,2.73,3.07,2.72,2.61,2.69,2.50,2.43,2.51
T_662,2.10,2.24,2.31,2.64,2.71,2.50,2.36,2.36,2.19,2.09,2.56,2.62,2.51,2.47,2.54,2.52,2.49,2.47,2.26,2.38,2.50,2.28,2.41,2.12,2.36,2.67,2.29,2.72,2.44,2.13,2.21,2.47
T_663,2.45,2.33,2.53,2.39,2.67,3.00,2.45,2.46,2.67,2.36,2.11,2.48,2.84,2.37,2.57,2.76,2.51,2.79,2.47,2.52,2.39,2.41,2.49,2.27,2.57,2.91,2.22,2.59,2.43,2.22,2.53,2.55
T_664,2.53,1.85,2.54,2.53,2.48,2.43,2.32,2.58,2.49,2.30,2.35,2.58,2.79,2.49,2.45,2.71,2.25,2.67,2.14,2.36,2.41,2.31,2.83,2.10,2.08,2.60,2.56,2.51,2.38,2.25,2.40,2.30
T_665,2.47,2.35,2.88,2.11,2.57,2.51,2.38,2.57,2.47,2.46,2.36,2.43,2.81,2.57,2.31,2.85,2.62,2.59,2.47,2.49,2.44,2.28,2.53,2.47,2.54,2.70,2.01,2.37,2.25,2.24,2.28,2.57
T_666,2.35,2.06,2.68,2.45,2.41,2.73,2.63,2.45,2.58,2.19,2.39,2.55,2.62,2.26,2.20,2.47,2.35,3.05,2.34,2.13,2.59,2.26,2.83,2.16,2.55,2.61,2.18,2.60,2.18,2.10,2.38,2.53
T_667,2.34,2.18,2.68,2.30,2.65,2.85,2.53,2.47,2.33,2.17,2.49,2.14,2.65,2.86,2.77,2.45,2.77,2.70,2.10,2.25,2.25,2.47,2.53,2.36,2.76,3.06,2.49,2.54,2.55,2.17,2.35,2.46
T_668,2.50,2.41,2.59,2.35,2.73,2.86,2.58,2.31,2.47,2.28,2.25,2.35,2.56,2.40,2.52,2.39,2.74,2.65,2.36,2.49,2.75,2.13,2.84,2.36,2.61,2.61,2.33,2.80,2.22,2.04,2.21,2.68
T_669,2.32,2.18,2.54,2.38,2.42,2.63,2.58,2.41,2.59,2.13,2.27,2.23,2.66,2.45,2.26,2.65,2.26,2.57,2.24,2.52,2.80,2.48,2.78,2.60,2.55,2.81,2.03,2.38,2.53,2.27,2.18,2.41
T_670,2.33,1.94,2.65,2.12,2.55,2.58,2.44,2.69,2.62,2.00,2.43,2.46,2.59,2.69,2.52,2.57,2.60,2.63,2.20,2.65,2.54,2.36,2.72,2.08,2.43,3.13,2.03,2.63,2.47,2.33,2.24,2.37
T_671,2.66,2.33,2.45,2.28,2.62,2.55,2.34,2.60,2.39,2.14,2.33,2.42,2.51,2.29,2.47,2.61,2.43,2.67,2.44,2.49,2.66,2.36,2.37,2.52,2.54,2.72,2.25,2.69,2.51,2.17,1.87,2.48
T_672,2.55,2.06,2.58,2.46,2.49,2.33,2.39,2.56,2.53,2.06,2.28,2.30,2.43,2.31,2.53,2.32,2.44,2.93,2.46,2.40,2.44,2.57,2.85,2.70,2.75,2.77,2.34,2.56,2.55,2.39,2.60,2.50
T_673,2.13,2.20,2.68,2.70,2.33,2.48,2.56,2.72,2.53,2.39,2.32,2.43,2.78,2.33,2.51,2.45,2.49,2.59,2.49,2.62,2.50,2.20,2.70,2.55,2.45,2.80,2.47,2.69,2.42,1.98,2.23,2.23
T_674,2.40,2.09,2.58,2.37,2.44,2.26,2.42,2.40,2.39,2.34,2.34,2.57,2.53,2.37,2.69,2.38,2.35,2.61,2.31,2.46,2.50,2.29,2.33,2.36,2.41,2.76,2.32,2.14,2.16,2.35,2.20,2.37
T_675,2.45,2.35,2.53,1.96,2.24,2.78,2.44,2.73,2.39,2.54,2.37,2.57,2.66,2.65,2.51,2.52,2.59,3.10,2.41,2.67,2.43,2.25,2.66,2.33,2.39,2.88,2.49,2.60,2.31,2.32,2.31,2.65
T_676,2.15,2.32,2.95,2.58,2.63,2.70,2.42,2.35,2.39,2.16,2.17,2.36,2.36,2.37,2.43,2.47,2.72,2.42,2.43,2.35,2.37,2.24,2.63,2.39,2.74,2.48,2.21,2.42,2.73,2.17,2.32,2.58
T_677,2.17,2.31,2.66,2.51,2.74,2.64,2.41,2.57,2.57,2.27,2.51,2.73,2.82,2.63,2.74,2.56,2.45,2.53,2.39,2.18,2.31,2.38,2.57,2.50,2.61,2.86,2.22,2.45,2.27,2.30,2.38,2.53
T_678,2.29,2.19,2.36,2.47,2.67,2.40,2.52,2.34,2.48,2.36,2.81,2.47,2.60,2.62,2.96,2.46,2.26,2.34,2.11,2.57,2.61,2.27,2.62,2.44,2.65,2.43,2.34,2.15,2.44,2.52,2.21,2.28
T_679,2.27,2.32,2.46,2.12,2.72,2.62,2.49,2.42,2.48,2.34,2.40,2.44,2.46,2.52,2.56,2.65,2.58,2.51,2.51,2.48,2.51,2.17,2.45,2.41,2.32,2.58,2.15,2.61,2.53,2.36,2.39,2.20
T_680,2.17,2.15,2.49,2.20,2.52,2.44,2.71,2.37,2.49,2.11,2.35,2.61,2.71,2.33,2.62,2.39,2.38,2.87,2.27,2.28,2.47,2.15,2.54,2.40,2.51,2.95,2.19,2.36,2.44,2.16,2.31,2.34
T_681,2.67,1.98,2.66,2.38,2.93,2.38,2.30,2.76,2.50,2.13,2.36,2.14,2.70,2.15,2.24,2.50,2.36,2.47,2.13,2.33,2.24,2.16,2.73,2.71,2.62,2.59,2.27,2.57,2.21,2.37,2.46,2.20
T_682,2.33,2.14,2.42,2.45,2.47,2.38,2.76,2.35,2.50,2.34,2.25,2.37,2.53,2.49,2.69,2.61,2.39,2.61,2.49,2.52,2.70,2.40,2.62,2.91,3.06,2.73,2.11,2.72,2.68,2.20,2.20,2.75
T_683,2.41,2.36,2.45,2.56,2.35,2.22,2.59,2.56,2.46,2.34,2.57,2.50,2.60,2.47,2.67,2.55,2.46,2.69,2.84,2.62,2.86,2.26,2.57,2.60,2.78,2.72,2.32,2.50,2.44,2.16,2.30,2.21
T_684,2.46,2.19,2.70,2.48,2.49,2.37,2.48,2.72,2.39,2.47,2.30,2.51,2.53,2.44,2.49,2.26,2.24,2.57,2.23,2.59,2.29,2.30,2.76,2.35,2.44,2.89,2.05,2.35,2.52,2.45,2.10,2.52
T_685,2.61,2.47,2.54,2.42,2.29,2.68,2.58,2.62,2.56,2.36,2.55,2.68,2.53,2.32,2.57,2.72,2.49,2.32,2.22,2.42,2.52,2.19,2.81,2.06,2.76,2.74,2.15,2.48,2.41,2.00,2.23,2.43
T_686,2.54,2.43,2.43,2.25,2.45,2.50,2.67,2.56,2.61,2.39,2.28,2.58,2.50,2.63,2.70,2.51,2.37,2.69,2.26,2.44,2.46,2.36,2.50,2.45,2.38,2.71,2.18,2.32,2.57,2.09,2.43,2.21
T_687,2.35,2.11,2.46,2.58,2.68,2.56,2.32,2.69,2.52,2.43,2.45,2.29,2.67,2.28,2.51,2.29,2.45,2.76,2.21,2.36,2.46,2.49,2.77,2.53,2.71,2.93,2.19,2.41,2.28,2.13,1.88,2.47
T_688,2.24,2.31,2.43,2.68,2.54,2.63,2.58,2.53,2.95,2.23,2.21,2.37,2.58,2.54,2.53,2.65,2.58,2.54,2.39,2.43,2.65,2.59,2.78,2.86,2.60,2.69,2.28,2.54,2.73,2.37,2.70,2.48
T_689,2.46,2.05,2.60,2.63,2.39,2.86,2.52,2.45,2.78,2.58,2.39,2.43,2.60,2.88,2.69,2.83,2.70,2.60,2.33,2.45,2.78,2.32,2.55,2.41,2.57,2.96,2.32,2.56,2.94,2.31,1.99,2.34
T_690,2.37,2.29,2.61,2.48,2.62,2.48,2.57,2.65,2.60,2.30,2.68,2.42,2.53,2.44,2.32,2.31,2.31,2.36,2.27,2.32,2.46,2.24,2.64,2.52,2.48,2.53,2.59,2.67,2.22,2.54,2.54,2.21
T_691,2.23,2.49,2.84,2.57,2.32,2.23,2.28,2.65,2.45,2.11,2.42,2.57,2.55,2.46,2.50,2.39,2.40,2.84,2.17,2.31,2.70,2.01,2.71,2.44,2.39,2.74,2.19,2.19,2.53,2.42,2.27,2.45
T_692,2.46,2.12,2.49,2.35,2.67,2.51,2.49,2.72,2.84,2.35,2.30,2.45,2.67,2.39,2.44,2.35,2.26,2.78,2.64,2.77,2.62,2.25,2.79,2.63,2.47,2.55,2.63,2.86,2.90,2.41,2.13,2.58
T_693,2.47,2.20,2.51,2.21,2.60,2.45,2.24,2.41,2.64,2.25,2.37,2.41,2.85,2.68,2.50,2.67,2.22,2.56,2.43,2.43,2.57,2.58,2.70,2.32,2.38,2.86,2.22,2.37,2.40,2.06,2.34,2.15
T_694,2.37,2.40,2.42,2.45,2.57,2.44,2.58,2.55,2.47,2.35,2.19,2.40,2.51,2.79,2.42,2.46,2.12,2.55,2.12,2.48,2.32,2.28,2.87,2.43,2.56,2.94,2.43,2.67,2.51,2.12,1.78,2.71
T_695,2.27,2.33,2.65,2.28,2.56,2.70,2.51,2.40,2.41,2.11,2.50,2.56,2.66,2.31,2.41,2.52,2.38,2.83,2.24,2.57,2.56,2.44,2.48,2.40,2.77,2.77,2.15,2.27,1.90,2.11,2.49,2.57
T_696,2.52,2.50,2.53,2.25,2.49,2.44,2.40,2.52,2.28,1.87,2.42,2.39,2.56,2.48,2.48,2.39,2.10,2.91,2.37,2.47,2.57,2.41,2.28,2.24,2.61,2.93,2.35,2.53,2.46,2.51,2.15,2.41
T_697,2.37,1.93,2.83,2.21,2.68,2.58,2.46,2.84,2.48,2.10,2.53,2.37,2.48,2.49,2.36,2.54,2.19,2.81,2.09,2.48,2.53,2.44,2.42,2.56,2.58,2.90,2.07,2.84,2.55,2.23,2.26,2.51
T_698,2.32,2.18,2.57,2.35,2.34,2.39,2.39,2.60,2.61,1.97,2.57,2.57,2.82,2.21,2.48,2.41,2.49,2.71,2.27,2.11,2.45,2.16,2.58,2.29,2.57,2.69,2.19,2.60,2.41,2.59,2.31,2.77
T_699,2.55,2.20,2.73,2.39,2.65,2.51,2.81,2.75,2.38,2.28,2.29,2.56,2.75,2.55,2.45,2.70,2.58,2.84,2.31,2.39,2.51,2.34,2.57,2.35,2.67,3.07,2.19,2.69,2.20,2.20,2.11,2.49
T_700,2.19,2.60,2.47,2.55,2.75,2.43,2.38,2.48,2.44,2.22,2.42,2.28,2.46,2.67,2.70,2.62,2.44,2.42,2.22,2.31,2.61,2.17,2.55,2.47,2.38,2.94,2.45,2.47,2.22,2.24,2.26,2.49
T_701,2.06,2.23,2.46,2.29,2.64,2.51,2.56,2.60,2.37,2.06,2.42,2.48,2.58,2.51,2.44,2.57,2.53,2.81,2.23,2.60,2.67,2.31,2.95,2.66,2.80,2.57,2.47,2.59,2.27,2.49,2.22,2.77
T_702,2.36,2.35,2.67,2.33,2.64,2.58,2.24,2.50,2.25,2.61,2.25,2.38,2.34,2.44,2.55,2.33,2.35,2.56,2.37,2.72,2.69,2.18,2.73,2.46,2.40,2.89,2.12,2.46,2.62,2.20,2.48,2.60
T_703,2.27,2.10,2.68,2.18,2.53,2.66,2.52,2.52,2.53,2.21,2.70,2.53,2.91,2.42,2.64,2.65,2.51,2.85,2.45,2.50,2.55,2.45,2.75,2.48,2.40,2.87,2.23,2.59,2.50,2.26,2.29,2.30
T_704,2.40,2.19,2.52,2.34,2.44,2.69,2.53,2.78,2.76,2.50,2.64,2.29,2.58,2.54,2.85,2.44,2.33,2.67,2.44,2.26,2.42,2.38,2.70,2.44,2.66,2.36,2.38,2.53,2.44,2.12,2.40,2.38
T_705,2.35,2.11,2.75,2.28,2.85,2.51,2.35,2.30,2.36,2.22,2.64,2.21,2.44,2.58,2.61,2.89,2.53,2.61,2.22,2.68,2.66,2.03,2.65,2.52,2.55,2.65,2.05,2.47,2.82,2.29,2.42,2.50
T_706,2.61,1.95,2.83,2.72,2.52,2.62,2.42,2.42,2.44,1.98,2.28,2.46,2.77,2.40,2.51,2.37,2.64,2.52,2.55,2.66,2.41,2.37,3.01,2.58,2.69,2.50,2.02,2.75,2.29,2.34,2.50,2.64
T_707,2.54,2.25,2.59,2.51,2.51,2.46,2.26,3.01,2.77,2.12,2.45,2.69,2.79,2.52,2.59,2.57,2.02,2.69,2.41,2.65,2.58,2.33,2.85,2.41,2.37,2.59,2.17,2.69,2.47,2.05,2.19,2.17
T_708,2.30,2.11,2.39,2.48,2.48,2.73,2.54,2.65,2.59,2.24,2.35,2.24,2.70,2.62,2.43,2.53,2.32,2.94,2.23,2.60,2.60,2.20,2.78,2.78,2.53,2.62,2.37,2.35,2.41,2.08,2.15,2.56
T_709,2.32,2.00,2.61,2.39,2.19,2.51,2.42,2.48,2.36,1.86,2.56,2.51,2.76,2.78,2.55,2.64,2.43,2.58,2.09,2.42,2.34,2.10,2.56,2.21,2.55,2.63,2.53,2.40,2.51,2.28,2.19,2.47
T_710,2.36,2.60,2.73,2.37,2.47,2.73,2.64,2.36,2.41,2.40,2.58,2.19,2.72,2.65,2.47,2.59,2.36,3.00,2.51,2.53,2.51,2.41,2.53,2.84,2.57,2.98,2.36,2.17,2.43,2.25,2.19,2.33
T_711,2.35,2.28,2.53,2.39,2.60,2.67,2.44,2.57,2.32,2.22,2.26,2.36,2.42,2.33,2.46,2.37,2.43,2.77,2.47,2.61,2.55,2.24,2.72,2.66,2.50,2.67,2.18,2.32,2.28,2.47,2.41,2.66
T_712,2.07,2.08,2.48,2.53,2.65,2.78,2.52,2.52,2.61,2.32,2.40,2.28,2.63,2.47,2.42,2.52,2.18,2.75,2.44,2.55,2.38,2.20,2.61,2.34,2.49,2.91,2.17,2.26,2.51,2.37,2.35,2.47
T_713,2.42,2.13,2.49,2.06,2.73,2.65,2.46,2.23,2.22,2.23,2.26,2.60,2.54,2.27,2.40,2.32,2.77,2.68,2.41,2.43,2.30,2.23,2.68,2.38,2.37,2.56,2.10,2.57,2.45,2.38,2.15,2.04
T_714,2.63,2.49,2.51,2.44,2.67,2.23,2.41,2.35,2.59,2.20,2.48,2.79,2.75,2.55,2.68,2.56,2.12,2.56,2.14,2.42,2.32,2.43,2.68,2.47,2.50,2.81,2.09,2.60,2.47,2.50,2.46,2.48
T_715,2.37,2.17,2.40,2.27,2.67,2.49,2.59,2.54,2.16,1.86,2.32,2.40,2.35,2.29,2.38,2.51,2.48,2.64,2.71,2.58,2.58,2.18,2.74,2.32,2.80,2.58,2.29,2.56,2.63,2.41,2.11,2.47
T_716,2.39,2.32,2.55,2.40,2.55,2.56,2.52,2.53,2.35,2.37,2.63,2.11,2.48,2.44,2.47,2.78,2.45,2.69,2.37,2.63,2.46,2.35,2.43,2.38,2.82,2.89,2.33,2.72,2.41,2.53,2.14,2.79
T_717,2.25,2.08,2.96,2.47,2.51,2.45,2.55,2.28,2.28,2.23,2.30,2.37,2.64,2.78,2.22,2.50,2.75,2.72,2.47,2.64,2.47,2.35,2.53,2.46,2.66,2.60,2.29,2.58,2.83,2.23,2.33,2.58
T_718,2.47,2.05,2.40,2.49,2.82,2.33,2.38,2.23,2.12,2.27,2.30,2.33,2.80,2.19,2.55,2.23,2.65,2.77,2.11,2.35,2.30,2.32,2.97,2.44,2.70,2.68,2.07,2.59,2.37,2.30,2.34,2.58
T_719,2.39,2.54,2.66,2.32,2.26,2.69,2.09,2.42,2.52,2.10,2.50,2.29,2.48,2.33,2.41,2.75,2.33,2.66,2.42,2.50,2.47,2.26,2.99,2.45,2.58,2.87,2.37,2.40,2.44,2.23,2.33,2.23
T_720,2.50,2.19,2.66,2.55,2.44,2.72,2.32,2.55,2.43,2.21,2.21,2.47,2.53,2.37,2.33,2.43,2.24,2.88,2.16,2.61,2.41,2.28,2.46,2.22,2.56,2.48,2.30,2.36,2.56,2.17,2.33,2.38
T_721,2.58,2.23,2.72,2.40,2.53,2.49,2.51,2.59,2.61,1.86,2.57,2.67,2.67,2.43,2.61,2.53,2.15,2.62,2.23,2.49,2.45,2.51,2.84,2.35,2.72,2.81,2.24,2.21,2.54,2.40,2.22,2.51
T_722,2.32,2.20,2.82,2.18,2.75,2.57,2.51,2.55,2.53,2.16,2.28,2.51,2.86,2.29,2.46,2.64,2.44,2.81,2.35,2.65,2.66,2.36,2.72,2.76,2.56,2.96,2.43,2.58,2.53,2.31,2.59,2.56
T_723,2.60,2.18,2.62,2.73,2.51,2.69,2.41,2.24,2.59,2.16,2.28,2.49,2.44,2.40,2.65,2.62,2.55,2.62,2.32,2.45,2.30,2.19,2.30,2.33,2.82,2.84,2.46,2.36,2.53,2.55,2.12,2.55
T_724,2.40,2.21,2.67,2.43,2.64,2.64,2.42,2.46,2.56,2.05,2.63,2.41,2.49,2.53,2.66,2.58,2.47,2.68,2.40,2.39,2.41,2.19,2.53,2.58,2.18,2.84,2.20,2.48,2.24,2.20,2.16,2.32
T_725,2.47,2.32,2.70,2.38,2.50,2.45,2.53,2.59,2.40,1.82,2.47,2.56,2.79,2.67,2.42,2.76,2.33,2.62,2.49,2.41,2.20,2.34,2.47,2.58,2.48,2.74,2.31,2.40,2.54,2.17,2.04,2.38
T_726,2.48,2.08,2.47,2.48,2.58,2.77,2.37,2.59,2.52,2.33,2.72,2.48,2.68,2.63,2.56,2.64,2.31,2.54,2.33,2.48,2.69,2.20,2.50,2.25,2.70,3.01,2.47,2.34,2.44,2.25,2.14,2.72
T_727,2.47,2.43,2.60,2.46,2.45,2.66,2.26,2.38,2.43,1.94,2.55,2.74,2.65,2.37,2.80,2.58,2.32,2.74,1.95,2.28,2.61,2.32,2.69,2.29,2.60,3.14,2.38,2.17,2.30,2.38,2.60,2.45
T_728,2.32,2.24,2.49,2.18,2.70,2.77,2.52,2.29,2.56,2.01,2.53,2.44,2.83,2.41,2.42,2.64,2.45,3.04,2.66,2.54,2.51,2.07,2.82,2.82,2.57,3.14,2.39,2.56,2.64,2.40,2.17,2.54
T_729,2.43,2.39,2.38,2.41,2.66,2.63,2.44,2.50,2.25,2.35,2.43,2.30,2.70,2.41,2.39,2.36,2.47,2.82,2.62,2.56,2.65,2.14,2.79,2.61,2.69,2.64,2.28,2.62,2.43,2.38,2.29,2.47
T_730,2.23,2.16,2.63,2.28,2.70,2.52,2.48,2.72,2.21,2.09,2.47,2.18,2.47,2.45,2.48,2.46,2.53,2.83,2.69,2.46,2.35,2.36,3.22,2.25,2.92,2.73,2.37,2.53,2.27,2.41,2.30,2.60
T_731,2.56,2.23,2.41,2.37,2.68,2.74,2.35,2.50,2.29,2.27,2.68,2.50,2.91,2.79,2.72,2.75,2.51,2.77,2.47,2.76,2.58,2.05,2.68,2.50,2.70,2.75,2.41,2.37,2.50,2.07,2.45,2.40
T_732,2.44,2.33,2.50,2.39,2.55,2.28,2.35,2.18,2.69,2.63,2.55,2.48,2.48,2.55,2.38,2.56,2.45,2.86,2.30,2.62,2.65,2.29,2.74,2.46,2.55,2.82,2.17,2.49,2.53,2.25,2.29,2.22
T_733,2.44,2.31,2.78,2.52,2.48,2.66,2.64,2.73,2.73,2.47,2.52,2.76,2.70,2.56,2.68,2.49,2.67,2.74,2.04,2.69,2.56,2.32,2.56,2.24,2.57,2.59,2.19,2.01,2.42,2.36,2.57,2.20
T_734,2.60,2.24,2.50,2.37,2.56,2.70,2.48,2.82,2.81,2.29,2.51,2.62,2.56,2.28,2.63,2.90,2.36,2.92,2.34,2.46,2.31,2.31,2.78,2.52,2.73,2.78,2.37,2.54,2.53,2.36,2.31,2.55
T_735,2.35,2.46,2.52,2.46,2.58,2.54,2.46,2.42,2.55,2.50,3.02,2.63,2.87,2.54,2.56,2.69,2.19,2.53,2.14,2.26,2.58,2.26,2.59,2.53,2.66,2.68,2.60,2.60,2.45,2.25,2.21,2.50
T_736,2.50,2.13,2.47,2.68,2.55,2.68,2.23,2.49,2.40,2.38,2.49,2.49,2.32,2.32,2.41,2.68,2.50,2.67,2.11,2.59,2.58,2.11,2.62,2.39,2.60,2.80,2.08,2.40,2.29,2.39,2.29,2.59
T_737,2.26,2.24,2.57,2.35,2.95,2.70,2.53,2.32,2.22,2.31,2.34,2.58,2.85,2.31,2.67,2.45,2.61,2.63,2.08,2.45,2.37,2.05,2.67,2.31,2.24,2.64,2.37,2.36,2.45,2.40,2.32,2.38
T_738,2.24,2.09,2.73,2.50,2.80,2.37,2.28,2.71,2.61,2.42,2.45,2.53,2.96,2.63,2.58,2.61,2.58,2.50,2.20,2.56,2.43,2.44,2.73,2.29,2.93,2.84,2.13,2.54,2.36,2.24,2.01,2.43
T_739,2.34,2.28,2.48,2.34,2.28,2.70,2.44,2.61,2.61,2.08,2.39,2.70,2.77,2.52,2.59,2.47,2.70,2.76,2.30,2.51,2.38,2.28,2.78,2.75,2.84,2.79,2.19,2.78,2.11,2.30,2.36,2.43
T_740,2.23,2.20,2.56,2.41,2.74,2.43,2.59,2.61,2.21,2.10,2.38,2.56,2.69,2.69,2.69,2.59,2.21,2.71,2.60,2.62,2.19,2.24,2.42,2.17,2.74,2.77,2.20,2.35,2.44,2.21,2.22,2.26
T_741,2.21,2.24,2.49,2.58,2.35,2.73,2.41,2.30,2.35,2.51,2.28,2.73,2.73,2.18,2.59,2.38,2.65,2.98,2.36,2.38,2.55,2.34,2.53,2.33,2.56,2.62,2.20,2.59,2.24,2.27,2.41,2.21
T_742,2.47,2.09,2.65,2.48,2.61,2.58,2.44,2.52,2.65,2.17,2.48,2.71,2.69,2.66,2.76,2.71,2.16,2.59,2.52,2.45,2.43,2.05,2.73,2.46,2.33,2.85,2.36,2.36,2.45,2.30,2.42,2.21
T_743,2.17,1.94,2.58,2.41,2.36,2.67,2.60,2.57,2.60,2.53,2.65,2.06,2.78,2.56,2.40,2.47,2.32,2.49,2.03,2.34,2.66,2.12,2.76,2.24,2.16,2.67,2.21,2.59,2.29,2.36,2.29,2.54
T_744,2.44,2.04,2.53,2.52,2.40,2.43,2.54,2.58,2.74,2.20,2.43,2.24,2.73,2.48,2.55,2.44,2.53,2.58,2.18,2.56,2.62,2.10,2.63,2.29,2.53,2.77,2.38,2.69,2.10,2.13,2.50,2.74
T_745,2.30,2.33,2.61,2.48,2.41,2.33,2.38,2.89,2.60,2.48,2.56,2.27,2.67,2.65,2.65,2.35,2.38,2.70,2.18,2.45,2.39,2.23,2.53,2.61,2.48,2.84,2.10,2.57,2.31,2.14,2.22,2.46
T_746,2.27,2.15,2.45,2.44,2.80,2.59,2.36,2.53,2.26,2.21,2.45,2.14,2.57,2.62,2.77,2.69,2.41,2.70,2.51,2.61,2.57,2.77,2.89,2.83,2.58,2.77,2.48,2.70,2.70,2.67,2.29,2.69
T_747,2.26,2.06,2.84,2.39,2.75,2.53,2.31,2.47,2.75,2.12,2.16,2.25,2.70,2.63,2.22,2.50,2.62,2.72,2.01,2.25,2.52,2.14,2.85,2.37,2.78,3.00,2.27,2.46,2.39,2.56,2.30,2.44
T_748,2.38,2.01,2.60,2.46,2.53,2.70,2.46,2.52,2.69,2.24,2.27,2.45,2.54,2.58,2.35,2.41,2.45,2.40,2.34,2.39,2.48,2.11,2.81,2.29,2.63,2.60,2.33,2.35,2.41,2.18,2.06,2.61
T_749,2.41,2.27,2.45,2.36,2.62,2.33,2.42,2.75,2.31,2.12,2.42,2.41,2.72,2.42,2.30,2.60,2.56,2.60,2.05,2.28,2.76,2.34,2.77,2.43,2.79,2.67,2.07,2.60,2.51,2.47,2.37,2.28
T_750,2.44,2.19,2.89,2.48,2.29,2.57,2.59,2.52,2.29,2.07,2.15,2.55,2.59,2.57,2.41,2.40,2.47,2.73,2.30,2.45,2.45,2.36,2.77,2.33,2.19,2.73,2.11,2.39,2.35,2.20,2.54,2.23
T_751,2.60,2.11,2.44,2.49,2.52,2.65,2.53,2.39,2.53,2.31,2.36,2.34,2.65,2.63,2.55,2.51,2.33,2.66,2.10,2.50,2.46,2.43,2.88,2.50,2.46,2.75,2.40,2.45,2.42,2.53,2.26,2.55
T_752,2.19,2.02,2.48,2.22,2.73,2.59,2.56,2.10,2.36,2.35,2.26,2.18,2.81,2.54,2.49,2.24,2.48,2.98,2.42,2.55,2.44,2.15,2.69,2.49,2.64,2.62,2.11,2.62,2.59,2.31,2.21,2.16
T_753,2.30,2.17,2.55,2.39,2.59,2.80,2.23,2.42,2.56,1.97,2.33,2.76,2.76,2.57,2.36,2.34,2.30,2.62,2.11,2.58,2.63,2.28,2.98,2.47,2.71,2.46,2.46,2.38,2.57,1.95,2.09,2.40
T_754,2.38,2.13,2.74,2.09,2.36,2.80,2.76,2.38,2.46,2.27,2.10,2.26,2.61,2.68,2.71,2.69,2.62,2.90,2.24,2.62,2.68,2.30,2.69,2.44,2.82,2.69,2.30,2.17,2.40,2.22,2.12,2.24
T_755,2.18,2.15,2.58,2.55,2.25,2.50,2.64,2.78,2.57,2.38,2.44,2.43,2.47,2.41,2.67,2.40,2.14,2.69,2.25,2.60,2.56,2.34,2.63,2.46,2.44,2.72,2.08,2.45,2.47,2.29,2.47,2.38
T_756,2.48,2.33,2.44,2.27,2.51,2.32,2.53,2.52,2.61,2.04,2.30,2.50,2.64,2.32,2.30,2.48,2.45,2.86,2.41,2.50,2.34,2.19,2.48,2.39,2.68,2.65,1.94,2.75,2.26,2.39,2.12,2.51
T_757,2.58,2.13,2.61,2.66,2.52,2.46,2.60,2.48,2.30,2.60,2.36,2.60,2.65,2.50,2.59,2.62,2.19,2.83,2.25,2.46,2.58,2.22,2.36,2.48,2.47,3.01,2.10,2.33,2.47,2.56,2.36,2.23
T_758,2.28,2.39,2.33,2.68,2.53,2.38,2.32,2.42,2.28,2.05,2.23,2.50,2.37,2.46,2.50,2.36,2.43,2.62,2.37,2.96,2.43,2.12,2.83,2.24,2.32,2.81,2.10,2.37,2.04,2.51,2.39,2.54
T_759,2.48,2.34,2.50,2.19,2.57,2.81,2.37,2.39,2.49,2.20,2.48,2.11,2.76,2.42,2.22,2.42,2.53,2.61,2.07,2.31,2.43,1.98,2.53,2.55,2.28,2.62,2.14,2.56,2.29,2.38,2.35,2.50
T_760,2.16,2.25,2.38,2.38,2.26,2.44,2.40,2.19,2.63,2.29,2.46,2.56,2.86,2.51,2.62,2.69,2.55,2.60,2.31,2.60,2.46,2.57,2.49,2.31,2.42,2.61,2.02,2.33,2.60,2.42,2.19,2.25
T_761,2.13,2.27,2.73,2.40,2.38,2.86,2.51,2.54,2.49,2.06,2.56,2.43,2.82,2.67,2.47,2.53,2.34,2.67,2.45,2.45,2.40,2.26,2.67,2.12,2.54,3.16,1.96,2.71,2.49,2.31,2.62,2.53
T_762,2.50,2.23,2.71,2.17,2.31,2.59,2.41,2.37,2.76,2.48,2.57,2.66,2.59,2.46,2.50,2.66,2.30,2.90,2.41,2.55,2.21,1.97,2.63,2.15,2.48,2.60,2.34,2.33,2.52,2.19,2.19,1.93
T_763,2.43,1.92,2.70,2.45,2.76,2.61,2.30,2.68,2.56,1.83,2.46,2.31,2.67,2.67,2.59,2.59,2.53,2.67,2.18,3.08,2.58,2.03,2.75,2.50,2.60,2.87,2.08,2.45,2.62,2.30,2.20,2.45
T_764,2.08,2.22,2.46,2.51,2.61,2.46,2.54,2.38,2.16,2.46,2.50,2.30,2.68,2.56,2.73,2.50,2.35,2.75,2.17,2.60,2.56,2.16,2.76,2.40,2.28,2.72,2.11,2.24,2.31,2.12,2.29,2.44
T_765,2.41,2.38,2.59,2.30,2.65,2.48,2.33,2.46,2.31,2.26,2.44,2.82,2.64,2.41,2.50,2.56,2.44,2.74,2.27,2.35,2.73,2.45,2.58,2.29,2.49,2.35,2.07,2.50,2.23,2.12,2.31,2.50
T_766,2.25,1.95,2.89,2.24,2.45,2.60,1.98,2.37,2.47,2.34,2.54,2.44,2.62,2.61,2.69,2.53,2.31,2.73,2.43,2.79,2.79,2.48,2.84,2.42,2.68,2.78,2.52,2.83,2.39,2.49,2.47,2.57
T_767,2.29,2.16,2.50,2.45,2.63,2.45,2.24,2.34,2.24,1.87,2.45,2.55,2.75,2.45,2.35,2.53,2.34,3.09,2.58,2.87,2.64,2.58,2.79,2.53,2.90,2.73,2.13,2.49,2.74,2.29,2.27,2.76
T_768,2.24,2.17,2.71,2.39,2.90,2.55,2.51,2.70,2.44,2.35,2.47,2.41,2.51,2.85,2.57,2.40,2.57,2.93,2.31,2.15,2.67,2.44,2.88,2.37,2.66,2.81,2.25,2.44,2.22,2.54,2.18,2.29
T_769,2.33,2.35,2.38,2.37,2.84,2.34,2.33,2.36,2.57,2.31,2.55,2.57,2.49,2.42,2.54,2.69,2.55,2.55,2.35,2.42,2.58,2.17,2.61,2.46,2.81,2.58,2.11,2.33,2.35,2.63,2.31,2.28
T_770,2.32,2.30,2.39,2.49,2.73,2.46,2.36,2.72,2.61,2.60,2.81,2.61,2.67,2.38,2.44,2.57,2.46,2.60,2.27,2.63,2.36,2.39,2.65,2.47,2.60,2.76,2.34,2.52,2.61,2.50,2.46,2.46
T_771,2.41,2.25,2.42,2.48,2.59,2.58,2.56,2.51,2.75,2.66,2.67,2.77,2.59,2.42,2.62,2.90,2.53,2.62,2.38,2.64,2.18,2.25,2.55,2.23,2.57,2.40,2.11,2.31,2.44,2.26,2.34,2.19
T_772,2.50,1.84,2.55,2.36,2.59,2.88,2.25,2.67,2.68,2.21,2.37,2.32,2.28,2.50,2.41,2.16,2.49,2.99,2.40,2.62,2.35,2.39,2.78,2.14,2.80,2.88,2.47,2.38,2.43,2.37,2.39,2.22
T_773,2.22,2.14,2.34,2.18,2.40,2.59,2.17,2.49,2.67,2.12,2.51,2.45,2.76,2.40,2.53,2.37,2.51,2.67,2.44,2.42,2.40,2.37,2.68,2.50,2.47,2.99,2.34,2.56,2.12,2.23,2.22,2.26
T_774,2.66,2.27,2.51,2.47,2.51,2.93,2.40,2.44,2.47,2.33,2.30,2.01,2.44,2.50,2.33,2.45,2.59,2.80,2.16,2.63,2.70,2.03,2.67,2.30,2.65,2.88,2.34,2.56,2.68,2.47,2.42,2.57
T_775,2.31,2.20,2.28,2.49,2.43,2.83,2.46,2.55,2.58,2.17,2.64,2.40,2.44,2.46,2.31,2.57,2.42,2.57,2.26,2.26,2.56,2.05,2.65,2.37,2.61,2.60,2.10,2.64,2.48,2.18,2.24,2.43
T_776,2.34,2.26,2.65,2.48,2.57,2.76,2.84,2.58,2.22,2.44,2.32,2.49,2.52,2.29,2.48,2.53,2.50,2.72,2.35,2.56,2.97,2.29,2.63,2.29,2.46,2.87,2.43,2.53,2.64,2.30,2.22,2.41
T_777,2.36,2.05,2.56,1.99,2.58,2.56,2.27,2.62,2.20,2.14,2.44,2.47,2.50,2.48,2.53,2.33,2.22,2.93,2.16,2.46,2.65,2.39,2.71,2.25,2.74,2.72,1.99,2.34,2.10,2.28,2.52,2.43
T_778,2.39,2.07,2.53,2.10,2.69,2.54,2.47,2.69,2.30,2.01,2.34,2.46,2.79,2.61,2.75,2.50,2.34,2.70,2.19,2.54,2.49,2.34,2.86,2.38,2.69,2.76,2.42,2.63,2.47,2.22,2.33,2.27
T_779,2.64,2.07,2.32,2.34,2.41,2.89,2.52,2.33,2.39,2.36,2.70,2.33,2.68,2.56,2.44,2.64,2.46,2.82,2.45,2.58,2.75,2.55,2.46,2.27,2.40,2.83,2.11,2.50,2.43,2.31,2.11,2.55
T_780,2.56,2.28,2.49,2.45,2.29,2.32,2.22,2.43,2.27,2.23,2.66,2.59,2.41,2.37,2.37,2.46,2.29,2.68,2.37,2.17,2.20,2.10,2.73,2.46,2.55,2.39,1.96,2.42,2.39,2.33,2.36,2.18
T_781,2.32,2.40,2.62,2.44,2.53,2.30,2.31,2.37,2.43,2.04,2.36,2.48,2.47,2.52,2.15,2.49,2.39,2.84,2.19,2.39,2.11,2.16,2.54,2.39,2.56,2.79,2.23,2.44,2.51,2.57,2.68,2.48
T_782,2.22,1.99,2.50,2.47,2.77,2.74,2.42,2.41,2.37,2.02,1.90,2.38,2.34,2.65,2.34,2.45,2.59,2.59,2.27,2.56,2.61,1.97,2.50,2.46,2.76,2.69,2.37,2.55,2.39,2.11,2.24,2.17
T_783,2.05,2.17,2.79,2.13,2.50,2.63,2.42,2.61,2.40,2.18,2.45,2.33,2.39,2.59,2.42,2.49,2.18,2.72,2.39,2.46,2.62,2.16,2.60,2.38,2.74,2.81,1.96,2.55,2.54,2.19,2.10,2.64
T_784,2.59,2.18,2.54,2.58,2.68,2.60,2.39,2.53,2.64,2.48,2.47,2.43,2.39,2.46,2.60,2.49,2.49,3.09,2.16,2.43,2.57,2.32,2.80,2.71,2.42,2.55,2.05,2.54,2.81,2.23,2.33,2.43
T_785,2.13,2.03,2.60,2.71,2.55,2.70,2.47,2.60,2.63,2.14,2.37,2.39,2.54,2.35,2.50,2.51,2.40,2.67,2.45,2.47,2.63,2.53,2.62,2.47,2.85,2.58,2.53,2.51,2.90,2.08,2.22,2.21
T_786,2.29,2.47,2.56,2.33,2.87,2.69,2.55,2.58,2.82,2.24,2.62,2.51,2.78,2.58,2.69,2.66,2.48,2.81,2.25,2.89,2.56,2.37,2.99,2.14,2.64,2.57,2.10,2.39,2.43,2.08,2.20,2.22
T_787,2.30,2.43,2.64,2.40,2.75,2.89,2.57,2.46,2.61,2.19,2.30,2.39,2.59,2.52,2.38,2.62,2.53,2.74,2.30,2.53,2.38,2.28,2.98,2.40,2.69,2.66,2.26,2.30,2.40,2.44,2.25,2.40
T_788,2.17,2.26,2.69,2.20,2.38,2.56,2.81,2.13,2.56,2.23,2.51,2.39,2.73,2.37,2.90,2.49,2.51,2.86,2.24,2.55,2.52,2.60,2.99,2.57,2.60,2.88,2.36,2.56,2.27,2.41,2.31,2.38
T_789,2.40,2.17,2.48,2.08,2.57,2.31,2.54,2.55,2.66,2.04,2.53,2.17,2.63,2.63,2.66,2.46,2.37,2.62,2.31,2.60,2.67,2.24,2.70,2.54,2.61,2.82,2.18,2.56,2.41,2.09,2.25,2.70
T_790,2.23,2.03,2.77,2.32,2.47,2.50,2.39,2.91,2.61,2.22,2.54,2.53,2.86,2.45,2.63,2.49,2.46,2.82,2.20,2.48,2.33,2.23,2.70,2.23,2.58,3.02,2.22,2.63,2.41,2.34,2.31,2.20
T_791,2.47,1.99,2.57,2.56,2.71,2.49,2.60,2.42,2.48,2.16,2.39,2.38,2.64,2.55,2.38,2.19,2.56,2.66,2.35,2.59,2.48,2.48,2.70,2.47,2.60,2.97,2.46,2.48,2.51,2.59,2.34,2.32
T_792,2.26,2.13,2.52,2.24,2.47,2.44,2.71,2.68,2.32,2.24,2.48,2.56,2.71,2.76,2.11,2.59,2.28,2.78,2.52,2.35,2.30,2.18,2.64,2.50,2.80,2.70,1.99,2.56,2.45,2.41,2.16,2.38
T_793,2.29,2.09,2.55,2.37,2.54,2.57,2.75,2.52,2.55,2.11,2.70,2.51,2.76,2.61,2.81,2.87,2.48,2.85,2.33,2.62,2.81,2.26,2.63,2.87,2.62,2.72,2.45,2.64,2.53,2.55,2.46,2.72
T_794,2.52,2.18,2.47,2.44,2.35,2.56,2.40,2.72,2.57,2.25,2.26,2.44,2.61,2.55,2.48,2.64,2.67,2.88,2.23,2.28,2.40,2.30,2.50,2.37,2.42,2.67,2.23,2.71,2.40,2.26,2.23,2.51
T_795,2.32,2.32,2.27,2.78,2.84,2.28,2.68,2.73,2.67,2.39,2.35,2.50,2.34,2.64,2.45,2.75,2.37,2.23,2.33,2.41,2.66,2.37,2.71,2.30,2.52,2.73,2.42,2.53,2.28,2.42,2.34,2.24
T_796,2.09,2.24,2.63,2.26,2.44,2.60,2.64,2.50,2.38,2.05,2.55,2.65,2.72,2.56,2.72,2.60,2.41,2.87,2.27,2.56,2.48,2.22,2.70,2.33,2.39,2.89,2.03,2.43,2.44,2.34,2.28,2.41
T_797,2.28,2.24,2.61,2.40,2.57,2.82,2.47,2.73,2.48,2.17,2.44,2.55,2.64,2.67,2.46,2.62,2.53,2.87,2.34,2.51,2.48,2.10,2.55,2.39,2.41,2.96,2.08,2.45,2.50,2.29,2.13,2.37
T_798,2.39,2.42,2.62,2.22,2.65,2.72,2.35,2.63,2.33,2.42,2.71,2.37,2.55,2.57,2.70,2.52,2.55,2.65,2.24,2.50,2.36,2.36,2.64,2.43,2.86,2.47,2.01,2.48,2.45,2.19,2.04,2.37
T_799,2.66,2.26,2.52,2.54,2.43,2.50,2.70,2.61,2.36,2.30,2.55,2.59,2.60,2.62,2.49,2.58,2.26,2.69,2.34,2.48,2.45,2.64,2.81,2.65,2.33,3.08,2.10,2.34,2.18,2.22,2.15,2.35
T_800,2.31,2.11,2.64,2.35,2.65,2.42,2.68,2.41,2.68,2.32,2.45,2.45,2.59,2.58,2.41,2.58,2.41,2.65,2.26,2.29,2.48,2.39,2.54,2.39,2.51,2.95,2.20,2.67,2.09,2.09,2.38,2.56
T_801,2.22,1.92,2.50,2.40,2.28,2.53,2.43,2.69,2.36,2.10,2.42,2.23,2.90,2.47,2.61,2.67,2.54,2.37,2.13,2.62,2.48,2.55,2.54,2.07,2.45,2.45,1.98,2.23,2.50,2.44,2.18,2.35
T_802,2.34,2.09,2.42,2.65,2.71,2.46,2.34,2.45,2.43,2.07,2.42,2.44,2.67,2.25,2.67,2.54,2.40,2.46,2.35,2.50,2.45,1.99,2.48,2.56,2.54,2.69,2.36,2.40,2.47,2.25,2.28,2.44
T_803,2.08,1.97,2.59,2.25,2.47,2.83,2.22,2.38,2.43,2.28,2.39,2.47,2.74,2.30,2.34,2.44,2.42,2.68,2.44,2.63,2.55,2.32,2.87,2.32,2.67,2.81,2.17,2.49,2.36,2.49,2.39,2.46
T_804,2.25,1.94,2.59,2.42,2.65,2.59,2.62,2.54,2.63,2.30,2.47,2.56,2.74,2.17,2.60,2.65,2.67,2.84,2.49,2.45,2.45,2.28,2.70,2.49,3.07,2.72,2.43,2.48,2.24,2.56,2.28,2.42
T_805,2.08,2.12,2.30,2.29,2.62,2.64,2.55,2.26,2.59,2.29,2.36,2.19,2.58,2.43,2.55,2.33,2.53,2.71,2.11,2.60,2.36,2.31,2.60,2.82,2.26,2.78,2.03,2.54,2.53,2.28,2.26,2.64
T_806,2.22,1.80,2.49,2.32,2.50,2.47,2.09,2.48,2.49,2.35,2.50,2.34,2.55,2.28,2.55,2.42,2.25,2.74,2.31,2.43,2.79,2.47,2.62,2.31,2.66,2.68,2.17,2.16,2.47,2.12,2.12,2.59
T_807,2.33,2.04,2.54,2.63,2.70,2.85,2.60,2.76,2.68,2.31,2.71,2.36,2.73,2.30,2.92,2.88,2.50,2.75,2.46,2.58,2.56,2.14,2.72,2.20,2.73,2.90,2.25,2.60,2.42,2.37,2.23,2.47
T_808,2.31,2.20,2.43,2.32,2.48,2.57,2.36,2.49,2.53,2.31,2.38,2.45,2.76,2.65,2.60,2.63,2.26,2.77,2.52,2.88,2.60,2.15,2.77,2.44,2.47,2.41,1.99,2.48,2.34,2.16,2.59,2.37
T_809,2.49,2.29,2.59,2.28,2.84,2.67,2.80,2.48,2.59,2.23,2.59,2.30,2.60,2.46,2.29,2.47,2.17,2.89,2.10,2.35,2.44,2.26,2.51,2.23,2.51,2.74,2.33,2.43,2.36,2.28,2.23,2.47
T_810,2.41,2.39,2.70,2.09,2.64,2.64,2.47,2.54,2.56,2.40,2.34,2.70,2.81,2.82,2.64,2.64,2.49,2.92,2.44,2.35,2.33,2.07,2.61,2.60,2.64,2.96,2.09,2.69,2.73,2.29,2.10,2.69
T_811,2.38,2.18,2.61,2.61,2.51,2.40,2.42,2.51,2.65,2.29,2.48,2.50,2.66,2.40,2.36,2.40,2.60,2.75,2.40,2.35,2.66,2.27,2.66,2.35,2.29,2.72,2.16,2.36,2.53,2.31,2.52,2.41
T_812,2.50,2.17,2.65,2.36,2.49,2.69,2.38,2.54,2.36,2.17,2.23,2.28,2.59,2.71,2.60,2.26,2.67,2.69,2.05,2.38,2.39,2.49,2.40,2.37,2.46,2.73,2.01,2.42,2.26,2.28,2.18,2.38
T_813,2.04,2.08,2.63,2.51,2.31,2.88,2.46,2.80,2.23,2.26,2.31,2.32,2.82,2.29,2.57,2.49,2.55,2.80,2.51,2.64,2.50,2.35,2.75,2.62,2.72,2.80,2.31,2.46,2.46,2.50,2.17,2.53
T_814,2.33,2.31,2.63,2.48,2.28,2.38,2.54,2.31,2.55,2.43,2.42,2.50,2.81,2.49,2.69,2.52,2.29,2.74,2.38,2.40,2.70,2.17,2.68,2.29,2.54,2.64,2.28,2.61,2.48,2.43,2.55,2.52
T_815,2.23,2.22,2.80,2.50,2.56,2.66,2.80,2.39,2.53,2.19,2.33,2.40,2.55,2.40,2.44,2.37,2.38,2.42,2.39,2.69,2.69,2.51,2.63,2.36,2.32,2.77,2.35,2.47,2.41,2.44,2.39,2.15
T_816,2.60,2.28,2.67,2.16,2.67,2.64,2.40,2.77,2.39,2.43,2.54,2.68,2.56,2.73,2.44,2.69,2.20,2.89,2.35,2.42,2.40,2.42,2.55,2.30,2.55,2.88,2.00,2.47,2.27,2.41,2.14,2.55
T_817,2.28,1.98,2.61,2.49,2.57,2.53,2.43,2.14,2.77,2.32,2.49,2.66,2.79,2.55,2.86,2.85,2.30,2.62,2.72,2.42,2.63,2.11,2.65,2.26,2.69,2.49,2.40,2.53,2.60,2.37,2.35,2.31
T_818,2.42,2.26,2.70,2.42,2.64,2.54,2.36,2.68,2.86,2.24,2.46,2.20,2.59,2.29,2.39,2.50,2.27,2.47,2.29,2.46,2.63,2.25,2.33,2.71,2.60,2.90,1.97,2.39,2.45,2.29,2.41,2.33
T_819,2.52,2.23,2.69,2.47,2.64,2.63,2.27,2.57,2.74,2.39,2.47,2.71,2.73,2.65,2.61,2.35,2.38,2.87,2.16,2.71,2.35,2.21,2.64,2.46,2.67,2.72,2.41,2.58,2.37,2.41,2.18,2.45
T_820,2.55,2.43,2.35,2.67,2.39,2.59,2.55,2.34,2.51,1.99,2.34,2.74,2.87,2.65,2.74,2.69,2.36,2.71,2.47,2.54,2.42,2.43,2.93,2.44,2.86,2.60,2.23,2.66,2.33,2.52,2.29,2.37
T_821,2.38,2.15,2.72,2.71,2.42,2.50,2.59,2.49,2.48,2.32,2.44,2.60,2.58,2.38,2.49,2.55,3.05,2.59,2.27,2.51,2.89,2.41,2.69,2.25,2.47,2.97,2.18,2.50,2.60,2.42,2.39,2.71
T_822,2.48,2.42,2.56,2.19,2.71,2.72,2.72,2.71,2.45,1.94,2.85,2.47,2.65,2.67,2.29,2.53,2.47,2.62,2.08,2.42,2.19,2.32,2.50,2.47,2.58,2.95,2.17,2.18,2.25,2.34,2.46,2.29
T_823,2.65,2.06,2.78,2.43,2.83,2.63,2.44,2.45,2.39,2.47,2.26,2.68,2.55,2.52,2.48,2.67,2.43,2.70,2.65,2.11,2.36,2.29,2.83,2.52,2.53,2.91,2.30,2.46,2.29,2.23,2.48,2.57
T_824,2.40,2.15,2.36,2.62,2.51,2.38,2.30,2.37,2.39,2.29,2.42,2.45,2.44,2.16,2.42,2.68,2.40,2.52,2.38,2.38,2.60,2.32,2.46,2.25,2.63,2.72,1.95,1.93,2.45,2.22,2.22,2.23
T_825,2.60,2.24,2.46,2.18,2.53,2.46,2.56,2.35,2.54,2.28,2.36,2.62,2.73,2.65,2.65,2.65,2.72,2.44,2.36,2.40,2.53,2.12,2.68,2.26,2.48,2.63,1.94,2.29,2.45,2.28,2.35,2.44
T_826,2.53,2.18,2.53,2.17,2.48,2.40,2.49,2.42,2.18,2.19,2.67,2.36,2.96,2.31,2.47,2.62,2.20,2.73,2.22,2.61,2.65,2.43,2.75,2.36,2.80,2.76,2.27,2.70,2.87,2.52,2.32,2.56
T_827,2.03,2.19,2.50,2.58,2.58,2.62,2.57,2.64,2.60,2.20,2.42,2.24,2.60,2.53,2.50,2.53,2.44,2.74,2.26,2.59,2.31,2.47,2.85,2.61,2.70,2.76,2.30,2.69,2.71,2.53,2.10,2.48
T_828,2.27,2.41,2.60,2.36,2.79,2.82,2.51,2.35,2.39,2.23,2.58,2.34,2.63,2.67,2.43,2.54,2.58,2.51,2.39,2.12,2.46,2.36,2.72,2.46,2.65,2.78,2.25,2.46,2.38,2.13,2.52,2.40
T_829,2.32,2.50,2.71,2.32,2.58,2.37,2.32,2.62,2.42,2.40,2.50,2.29,2.48,2.62,2.73,2.37,2.65,2.86,2.47,2.72,2.67,2.44,2.81,2.58,2.73,2.79,2.33,2.68,2.76,2.03,2.49,2.37
T_830,2.30,2.26,2.45,2.42,2.73,2.39,2.67,2.56,2.51,2.33,2.46,2.43,2.58,2.53,2.67,2.48,2.40,2.54,2.35,2.65,2.35,1.99,2.39,2.27,2.58,2.76,2.33,2.24,2.62,2.09,2.46,2.43
T_831,2.15,2.15,2.56,2.55,2.42,2.77,2.63,2.66,2.25,2.23,2.45,2.48,2.51,2.54,2.54,2.71,2.16,2.70,2.32,2.24,2.65,2.37,2.73,2.55,2.39,2.62,2.30,2.52,2.27,2.29,2.34,2.60
T_832,2.03,2.24,2.67,2.31,2.60,2.60,2.44,2.73,2.55,2.16,2.19,2.25,2.72,2.37,2.64,2.41,2.24,2.62,2.30,2.64,2.32,2.22,2.83,2.69,2.75,2.70,1.92,2.68,2.69,2.26,2.21,2.58
T_833,2.71,2.03,2.86,2.42,2.63,2.62,2.57,2.50,2.56,2.40,2.57,2.46,2.60,2.28,2.80,2.46,2.56,2.87,2.33,2.42,2.51,2.39,2.72,2.41,2.52,2.84,1.93,2.57,2.50,2.29,2.37,2.64
T_834,2.24,2.32,2.68,2.15,2.22,2.40,2.15,2.41,2.35,2.44,2.30,2.41,2.69,2.47,2.26,2.54,2.32,2.85,2.32,2.62,2.29,2.29,2.89,2.03,2.67,2.73,2.45,2.35,2.32,2.55,2.07,2.48
T_835,2.33,2.35,2.87,2.09,2.70,2.45,2.61,2.50,2.66,2.38,2.36,2.51,2.94,2.47,2.72,2.32,2.42,3.06,2.19,2.70,2.45,2.13,2.71,2.51,2.74,2.48,2.13,2.41,2.41,2.17,2.42,2.16
T_836,2.43,2.27,2.73,2.50,2.68,2.39,2.37,2.30,2.31,2.43,2.16,2.53,2.87,2.59,2.40,2.34,2.28,2.70,2.12,2.70,2.55,2.18,2.63,2.41,2.64,2.55,2.27,2.25,2.43,2.51,2.16,2.47
T_837,2.25,2.09,2.82,2.32,2.39,2.78,2.66,2.54,2.53,2.33,2.54,2.26,2.33,2.70,2.77,2.44,2.36,2.87,2.38,2.43,2.46,2.28,2.70,2.23,2.38,2.89,2.12,2.54,2.47,2.62,2.27,2.26
T_838,2.17,2.05,2.80,2.50,2.49,2.68,2.52,2.72,2.37,2.28,2.48,2.42,2.61,2.78,2.66,2.42,2.51,2.71,2.38,2.90,2.42,2.14,2.63,2.66,2.72,3.12,2.30,2.68,2.44,2.56,2.45,2.49
T_839,2.34,2.32,2.80,2.68,2.51,2.47,2.64,2.61,2.53,2.41,2.23,2.49,2.40,2.68,2.48,2.72,2.54,2.98,2.65,2.27,2.52,2.07,2.76,2.54,2.33,2.93,2.70,2.45,2.74,2.28,2.10,2.63
T_840,2.57,2.42,2.68,2.61,2.22,2.76,2.80,2.44,2.34,2.44,2.29,2.31,2.63,2.40,2.59,2.51,2.38,2.62,2.32,2.52,2.73,2.14,2.67,1.98,2.82,2.74,2.13,2.21,2.44,2.27,2.35,2.44
T_841,2.39,2.40,2.69,2.33,2.40,2.56,2.44,2.50,2.35,2.26,2.48,2.47,2.70,2.45,2.72,2.47,2.62,2.64,2.13,2.35,2.62,2.21,2.63,2.32,2.64,2.67,2.08,2.44,2.44,2.25,2.27,2.45
T_842,2.34,2.29,2.50,2.40,2.43,2.63,2.36,2.62,2.47,2.63,2.40,2.62,2.83,2.57,2.34,2.73,2.53,2.86,2.39,2.43,2.77,1.96,2.93,2.35,2.30,2.88,2.23,2.66,2.58,2.26,2.33,2.46
T_843,2.49,1.68,2.47,2.38,2.64,2.37,2.36,2.32,2.50,2.12,2.45,2.64,2.43,2.53,2.31,2.46,2.29,2.91,2.36,2.78,2.67,2.49,2.69,2.40,2.49,2.76,2.36,2.63,2.59,2.37,2.46,2.59
T_844,2.38,1.96,2.71,2.32,2.52,2.51,2.56,2.58,2.35,2.46,2.32,2.63,2.62,2.73,2.55,2.56,2.44,2.78,2.43,2.59,2.28,2.31,2.89,2.52,2.42,2.87,2.48,2.22,2.75,2.10,2.01,2.29
T_845,2.52,1.91,2.49,2.34,2.57,2.55,2.37,2.45,2.49,2.21,2.57,2.61,2.62,2.79,2.58,2.63,2.13,2.60,2.49,2.55,2.58,2.50,2.44,2.37,2.38,2.89,2.03,2.51,2.48,2.49,2.13,2.52
T_846,2.21,2.40,2.51,2.41,2.73,2.72,2.55,2.80,2.39,2.09,2.40,2.26,2.58,2.55,2.50,2.46,2.40,2.45,2.48,2.57,2.69,2.20,2.91,2.35,2.17,2.62,2.43,2.53,2.35,2.41,2.22,2.78
T_847,2.29,2.51,2.48,2.21,2.68,2.56,2.71,2.57,2.55,1.89,2.50,2.29,2.50,2.36,2.67,2.38,2.49,2.99,2.40,2.39,2.48,2.21,2.37,2.10,2.66,2.69,2.15,2.51,2.32,2.27,2.44,2.43
T_848,2.28,2.22,2.40,2.13,2.57,2.55,2.47,2.65,2.54,2.51,2.66,2.35,2.68,2.32,2.31,2.66,2.24,3.07,2.30,2.63,2.65,2.45,2.66,2.34,2.64,2.71,2.34,2.64,2.63,2.50,2.12,2.83
T_849,2.39,2.43,2.65,2.35,2.66,2.53,2.41,2.13,2.46,1.99,2.21,2.59,2.40,2.58,2.28,2.39,2.52,2.77,2.57,2.87,2.54,2.21,2.76,2.45,2.76,2.71,2.37,2.63,2.66,2.35,2.39,2.57
T_850,2.54,2.16,2.48,2.55,2.51,2.54,2.53,2.57,2.24,2.31,2.55,2.33,2.61,2.29,2.48,2.37,2.46,2.89,2.38,2.50,2.56,2.43,2.79,2.60,2.80,3.00,2.41,2.65,2.36,2.54,2.24,2.48
T_851,2.17,2.22,2.57,2.63,2.45,2.98,2.41,2.41,2.55,2.13,2.65,2.53,2.57,2.45,2.57,2.45,2.39,2.69,2.29,2.62,2.24,2.23,2.48,2.45,2.82,3.07,2.17,2.41,2.34,2.13,2.23,2.26
T_852,1.98,1.96,2.95,2.36,2.30,2.65,2.48,2.54,2.40,2.19,2.50,2.28,2.76,2.33,2.60,2.57,2.67,3.13,2.29,2.48,2.41,2.12,2.77,2.71,2.43,2.77,2.28,2.51,2.43,2.25,2.09,2.36
T_853,2.10,2.34,2.43,2.39,2.32,2.57,2.68,2.54,2.69,2.64,2.31,2.41,2.80,2.73,2.51,2.89,2.43,2.87,2.31,2.66,2.73,2.18,2.74,2.53,2.76,2.46,2.47,2.45,2.60,2.16,2.16,2.54
T_854,2.26,2.20,2.39,2.57,2.70,2.78,2.41,2.47,2.49,2.11,2.64,2.46,2.41,2.80,2.53,2.73,2.45,2.92,2.26,2.59,2.45,2.30,2.51,2.74,2.43,2.87,2.50,2.71,2.50,2.36,2.31,2.58
T_855,2.16,2.23,2.52,2.53,2.48,2.60,2.57,2.69,2.64,2.44,2.66,2.63,2.50,2.55,2.31,2.82,2.54,2.79,2.29,2.66,2.40,2.31,2.55,2.58,2.47,2.73,2.23,2.56,2.20,2.18,2.52,2.39
T_856,2.59,2.24,2.66,2.16,2.62,2.81,2.54,2.32,2.48,2.34,2.56,2.87,2.88,2.66,2.46,2.56,2.31,2.67,2.21,2.91,2.62,2.31,2.58,2.68,2.67,2.72,2.14,2.58,2.58,2.29,2.51,2.24
T_857,2.33,2.36,2.22,2.39,2.64,2.56,2.61,2.51,2.39,2.15,2.56,2.48,2.82,2.21,2.56,2.23,2.37,2.51,2.38,2.29,2.38,2.46,2.45,2.34,2.48,2.38,2.06,2.64,2.33,2.53,2.20,2.39
T_858,2.10,2.03,2.65,2.27,2.63,2.62,2.67,2.25,2.43,2.27,2.74,2.39,2.57,2.30,2.68,2.71,2.10,3.02,2.14,2.34,2.42,2.22,2.79,2.18,2.74,2.64,2.22,2.50,2.27,2.29,2.58,2.37
T_859,2.05,2.14,2.25,2.50,2.65,2.38,2.38,2.40,2.58,2.29,2.56,2.63,2.70,2.90,2.68,2.60,2.31,2.55,2.29,2.64,2.83,2.29,2.76,2.45,2.70,2.93,2.44,2.31,2.48,2.18,2.39,2.54
T_860,2.56,1.86,2.58,2.33,2.55,2.57,2.52,2.47,2.29,2.17,2.51,2.44,2.69,2.46,2.51,2.65,2.19,2.68,2.38,2.42,2.44,2.54,2.70,2.48,2.39,2.75,2.18,2.52,2.55,2.12,2.53,2.66
T_861,2.26,2.16,2.66,2.61,2.63,2.78,2.54,2.29,2.55,2.15,2.40,2.42,2.75,2.31,2.59,2.53,2.12,2.31,2.34,2.31,2.60,2.32,2.82,2.08,2.37,2.92,2.37,2.45,2.57,2.19,2.36,2.59
T_862,2.53,2.13,2.35,2.39,2.78,2.59,2.37,2.63,2.60,2.32,2.41,2.26,2.55,2.44,2.10,2.59,2.32,2.63,2.11,2.61,2.22,2.03,2.86,2.68,2.43,2.82,2.32,2.56,2.45,2.50,2.34,2.41
T_863,2.19,2.26,2.68,2.45,2.52,2.43,2.65,2.97,2.08,2.06,2.60,2.24,2.80,2.48,2.30,2.28,2.47,3.09,2.07,2.36,2.18,2.16,2.72,2.29,2.68,2.74,2.17,2.48,2.75,2.43,2.37,2.26
T_864,2.23,2.13,2.59,2.23,2.81,2.56,2.32,2.19,2.53,2.12,2.66,2.28,2.66,2.44,2.79,2.68,2.61,2.94,2.49,2.70,2.63,2.04,2.59,2.58,2.70,2.55,2.24,2.65,2.52,1.92,2.20,2.53
T_865,2.51,2.03,2.71,2.60,2.54,2.79,2.51,2.77,2.72,2.44,2.58,2.52,2.66,2.79,2.51,2.98,2.07,2.96,2.20,2.34,2.77,2.09,2.45,2.66,2.42,3.09,2.24,2.54,2.40,1.97,2.35,2.48
T_866,2.19,2.34,2.47,2.50,2.66,2.76,2.49,2.69,2.69,2.21,2.55,2.30,2.47,2.39,2.62,2.50,2.82,2.84,2.36,2.45,2.45,2.11,2.46,2.19,2.55,2.62,1.94,2.57,2.42,2.41,1.99,2.42
T_867,2.28,2.24,2.63,2.62,2.62,2.67,2.49,2.55,2.50,1.98,2.37,2.35,2.37,2.24,2.62,2.20,2.55,2.66,2.58,2.32,2.38,2.18,2.41,2.18,2.52,2.49,2.32,2.35,2.46,1.94,2.68,2.41
T_868,2.13,2.23,2.59,2.73,2.53,2.69,2.58,2.19,2.46,2.04,2.37,2.37,2.67,2.65,2.62,2.89,2.48,2.53,2.31,2.21,2.58,2.25,2.63,2.18,2.28,2.89,2.47,2.19,2.39,2.45,2.35,2.41
T_869,2.57,2.20,2.83,2.25,2.69,2.70,2.40,2.52,2.25,2.07,2.51,2.35,2.70,2.37,2.55,2.31,2.39,2.65,2.26,2.77,2.49,2.23,2.64,2.08,2.77,2.59,2.20,2.22,2.53,2.36,1.98,2.44
T_870,2.41,2.44,2.74,2.42,2.60,2.70,2.51,2.51,2.47,2.26,2.35,2.68,2.53,2.59,2.58,2.50,2.85,2.80,2.67,2.09,2.65,2.07,2.72,2.25,2.46,2.92,2.22,2.39,2.41,2.13,2.28,2.21
T_871,2.44,2.31,2.62,2.44,2.72,2.71,2.34,2.73,2.34,2.03,2.24,2.26,2.69,2.40,2.36,2.41,2.64,2.49,2.13,2.56,2.56,1.96,2.57,2.42,2.26,2.78,2.13,2.44,2.33,2.24,2.47,2.20
T_872,2.24,2.29,2.56,2.10,2.25,2.90,2.30,2.43,2.42,2.25,2.50,2.09,2.43,2.37,2.46,2.74,2.49,2.92,2.43,2.71,2.53,2.50,2.63,2.67,2.55,2.76,2.22,2.29,2.61,2.43,2.47,2.65
T_873,2.26,2.29,2.63,2.55,2.50,2.44,2.60,2.42,2.17,2.06,2.31,2.64,2.51,2.30,2.47,2.49,2.39,2.67,1.95,2.35,2.56,2.31,2.97,2.48,2.69,2.73,2.09,2.53,2.52,2.24,2.27,2.49
T_874,2.39,2.07,2.64,2.57,2.39,2.39,2.56,2.50,2.40,2.14,2.45,2.23,2.42,2.30,2.65,2.54,2.19,2.79,2.52,2.49,2.85,2.41,2.78,2.63,2.41,2.76,2.04,2.33,2.73,2.37,2.22,2.08
T_875,2.51,2.24,2.63,2.51,2.53,2.72,2.48,2.40,2.68,2.40,2.34,2.42,2.81,2.38,2.54,2.80,2.58,2.67,2.33,2.41,2.48,2.16,2.69,2.45,2.45,2.91,1.95,2.46,2.31,2.16,2.36,2.47
T_876,2.44,2.17,2.70,2.31,2.62,2.60,2.45,2.59,2.45,2.24,2.52,2.18,2.73,2.23,2.74,2.55,2.38,2.84,2.26,2.69,2.38,2.27,2.63,2.26,2.50,2.79,2.31,2.25,2.24,2.11,1.98,2.50
T_877,2.23,2.20,2.42,2.07,2.50,2.53,2.61,2.56,2.59,1.77,2.51,2.57,2.70,2.38,2.61,2.34,2.41,2.50,2.57,2.67,2.43,2.35,2.59,2.57,2.67,2.73,2.22,2.75,2.66,2.35,2.63,2.34
T_878,2.42,2.19,2.62,2.44,2.34,2.34,2.08,2.67,2.42,2.35,2.52,2.39,2.61,2.51,2.70,2.87,2.40,2.40,2.23,2.27,2.46,2.28,2.64,2.31,2.79,2.66,2.27,2.39,2.22,2.32,2.15,2.48
T_879,2.52,2.27,2.53,2.35,2.61,2.72,2.21,2.61,2.43,2.31,2.39,2.30,2.78,2.58,2.43,2.59,2.34,2.65,2.32,2.66,2.52,2.45,2.73,2.37,2.37,2.69,2.00,2.39,2.43,2.22,2.17,2.63
T_880,2.34,2.23,2.53,2.47,2.56,2.37,2.30,2.60,2.22,2.51,2.50,2.37,2.67,2.65,2.61,2.33,2.30,2.67,2.29,2.96,2.57,2.03,2.49,2.26,2.54,3.22,2.30,2.32,2.38,2.33,2.42,2.65
T_881,2.22,2.20,2.51,2.21,2.40,2.71,2.45,2.19,2.54,2.04,2.60,2.51,2.62,2.49,2.95,2.56,2.31,2.73,1.98,2.60,2.10,1.98,2.49,2.27,2.42,2.94,2.02,2.42,2.43,2.27,2.45,2.54
T_882,2.20,2.14,2.33,2.47,2.45,2.40,2.48,2.43,2.72,2.37,2.15,2.28,2.56,2.49,2.65,2.39,2.42,2.78,2.02,2.39,2.54,1.98,2.46,2.23,2.66,3.00,2.40,2.41,2.61,2.26,2.28,2.42
T_883,2.30,2.18,2.59,2.24,2.39,2.18,2.41,2.59,2.28,2.16,2.49,2.48,2.57,2.40,2.43,2.48,2.34,2.63,2.38,2.47,2.41,2.27,2.56,2.52,2.60,2.70,2.34,2.47,2.52,2.44,2.16,2.39
T_884,2.56,2.19,2.48,2.43,2.54,2.29,2.35,2.76,2.42,2.21,2.45,2.57,2.51,2.18,2.67,2.48,2.36,2.75,2.38,2.45,2.50,2.02,2.52,2.34,2.62,2.39,2.31,2.57,2.31,2.38,2.31,2.46
T_885,2.44,2.06,2.48,2.38,2.57,2.64,2.51,2.28,2.39,2.41,2.80,2.50,2.73,2.56,2.71,2.64,2.35,2.85,2.40,2.62,2.36,2.29,2.73,2.54,2.55,2.63,2.08,2.41,2.21,2.18,1.95,2.16
T_886,2.47,2.20,2.68,2.60,2.57,2.42,2.58,2.67,2.59,2.61,2.24,2.38,2.98,2.39,2.60,2.56,2.24,2.65,2.41,2.35,2.55,1.80,2.64,2.50,2.75,2.53,2.07,2.34,2.30,2.15,2.21,2.44
T_887,2.36,2.20,2.45,2.57,2.65,2.77,2.59,2.23,2.39,2.26,2.54,2.44,2.30,2.34,2.46,2.49,2.26,3.10,2.13,2.65,2.67,2.27,2.76,2.28,2.59,2.90,2.42,2.51,2.25,2.38,2.33,2.47
T_888,2.45,2.47,2.66,2.42,2.79,2.68,2.54,2.40,2.68,2.35,2.53,2.55,2.78,2.69,2.53,2.31,2.37,2.67,2.36,2.47,2.73,2.26,2.52,2.32,2.87,2.86,1.94,2.62,2.39,2.10,2.34,2.15
T_889,2.46,2.29,2.38,2.71,2.70,2.52,2.30,2.40,2.38,2.24,2.17,2.53,2.52,2.52,2.49,2.35,2.31,2.62,2.05,2.47,2.69,2.16,2.83,2.80,2.71,2.71,2.20,2.74,2.53,2.35,1.97,2.63
T_890,2.55,2.20,2.43,2.36,2.16,2.48,2.55,2.35,2.38,2.32,2.51,2.36,2.73,2.52,2.69,2.67,2.69,2.43,2.38,2.62,2.77,2.43,2.86,2.70,2.55,2.91,2.14,2.81,2.44,2.50,2.45,2.28
T_891,2.10,2.28,2.32,2.46,2.57,2.52,2.25,2.40,2.60,2.31,2.14,2.27,2.63,2.54,2.83,2.52,2.42,2.70,2.55,2.31,2.51,2.37,2.54,2.36,2.40,3.05,2.21,2.60,2.44,2.14,2.48,2.58
T_892,2.36,2.28,2.30,2.15,2.51,2.29,2.36,2.35,2.28,2.31,2.20,2.26,2.75,2.46,2.68,2.43,2.55,2.57,2.32,2.56,2.59,2.24,2.42,2.47,2.36,2.79,2.22,2.21,2.52,2.11,2.30,2.46
T_893,2.26,2.19,2.30,2.31,2.53,2.52,2.65,2.63,2.60,2.54,2.46,2.31,2.80,2.14,2.52,2.69,2.28,2.72,2.31,2.42,2.82,2.51,2.47,2.20,2.72,2.82,2.34,2.80,2.46,2.00,2.33,2.34
T_894,2.42,2.23,2.60,2.53,2.64,2.88,2.66,2.77,2.57,2.11,2.55,2.48,3.02,2.37,2.57,2.72,2.37,2.81,2.38,2.45,2.64,2.11,2.90,2.36,2.61,2.76,2.01,2.62,2.29,2.42,2.38,2.46
T_895,2.46,2.33,2.48,2.38,2.58,2.66,2.43,2.37,2.36,2.26,2.30,2.52,2.66,2.54,2.58,2.43,2.38,2.86,2.43,2.46,2.17,2.30,2.99,2.30,2.36,2.73,2.39,2.38,2.48,2.09,2.41,2.65
T_896,2.52,1.98,2.55,2.40,2.32,2.65,2.44,2.82,2.70,2.24,2.65,2.50,2.87,2.66,2.45,2.57,2.36,2.69,2.30,2.24,2.51,2.40,2.57,2.33,2.62,2.73,2.25,2.37,2.28,2.24,2.12,2.48
T_897,2.30,2.23,2.47,2.43,2.51,2.57,2.50,2.60,2.47,2.24,2.29,2.28,2.71,2.14,2.55,2.49,2.44,2.59,2.35,2.33,2.47,2.15,2.55,2.37,2.71,2.50,2.33,2.38,2.32,2.28,2.19,2.59
T_898,2.32,2.16,2.44,2.55,2.45,2.57,2.53,2.32,2.53,2.22,2.47,2.46,2.52,2.39,2.42,2.63,2.48,2.80,2.62,2.41,2.38,2.46,2.87,2.58,2.68,2.69,2.37,2.51,2.65,2.42,2.46,2.44
T_899,2.37,2.09,2.65,2.48,2.56,2.62,2.48,2.26,2.22,2.39,2.40,2.36,2.54,2.46,2.72,2.43,2.62,2.71,2.53,2.53,2.48,2.01,2.57,2.44,2.21,2.98,2.22,2.65,2.11,2.38,1.98,2.42
T_900,2.34,2.44,2.68,2.28,2.36,2.31,2.60,2.62,2.64,2.35,2.34,2.42,2.64,2.46,2.26,2.47,2.46,2.94,2.25,2.52,2.44,2.15,2.51,2.55,2.58,2.77,2.30,2.45,2.69,2.40,2.21,2.38
T_901,2.56,1.97,2.51,2.40,2.40,2.54,2.30,2.42,2.43,2.32,2.29,2.60,2.66,2.60,2.75,2.65,2.46,2.79,2.34,2.41,2.61,2.42,2.68,2.48,2.72,2.67,2.49,2.41,2.45,2.36,2.19,2.45
T_902,2.47,2.41,2.86,2.51,2.48,2.34,2.67,2.78,2.65,2.33,2.36,2.38,2.54,2.48,2.61,2.32,2.15,2.73,2.17,2.44,2.24,2.15,2.79,2.42,2.63,2.73,2.18,2.37,2.32,2.18,2.32,2.25
T_903,2.50,2.25,2.85,2.31,2.50,2.31,2.56,2.62,2.21,2.24,2.36,2.46,2.56,2.42,2.50,2.52,2.45,2.83,2.31,2.54,2.63,2.14,2.92,2.29,2.32,2.73,2.42,2.15,2.38,2.42,2.26,2.52
T_904,2.30,2.11,2.85,2.70,2.60,2.87,2.41,2.60,2.49,2.30,2.33,2.30,3.05,2.63,2.50,2.73,2.43,2.71,2.29,2.21,2.68,2.33,2.45,2.48,2.42,2.85,2.07,2.69,2.52,2.54,2.38,2.22
T_905,2.32,2.11,2.69,2.23,2.86,2.87,2.56,2.58,2.44,2.26,2.22,2.43,2.94,2.51,2.56,2.37,2.55,2.78,2.28,2.49,2.83,2.39,3.15,2.47,2.36,2.80,2.27,2.56,2.57,1.86,2.03,2.40
T_906,2.23,2.26,2.71,2.34,2.82,2.74,2.45,2.68,2.64,2.07,2.37,2.25,2.71,2.51,2.55,2.50,2.36,2.63,2.44,2.50,2.63,1.95,2.62,2.31,2.62,3.01,2.13,2.45,2.70,2.27,1.92,2.89
T_907,2.44,2.19,2.63,2.49,2.46,2.66,2.66,2.69,2.46,2.14,2.52,2.31,2.36,2.72,2.52,2.45,2.40,2.69,2.22,2.41,2.51,2.17,2.62,2.32,2.53,2.86,2.19,2.40,2.61,2.13,2.25,2.45
T_908,2.43,2.30,2.73,2.26,2.57,2.70,2.74,2.31,2.55,2.24,2.83,2.40,2.99,2.41,2.61,2.36,2.67,3.01,2.39,2.35,2.49,2.25,2.67,2.55,2.71,2.88,2.22,2.45,2.54,2.43,2.39,2.26
T_909,2.33,1.97,2.79,2.66,2.49,2.41,2.25,2.25,2.48,2.45,2.77,2.49,2.57,2.67,2.54,2.99,2.24,2.58,2.27,2.34,2.27,2.29,2.44,2.60,2.55,2.65,2.12,2.51,2.79,2.08,2.59,2.37
T_910,2.62,2.26,2.70,2.41,2.97,2.24,2.52,2.62,2.64,2.29,2.38,2.33,2.32,2.58,2.33,2.38,2.69,2.41,2.52,2.62,2.39,2.43,2.70,2.31,2.76,2.91,2.36,2.63,2.22,2.48,2.51,2.31
T_911,2.55,2.32,2.52,2.50,2.44,2.60,2.29,2.63,2.54,2.38,2.51,2.08,2.28,2.48,2.61,2.66,2.99,2.51,2.35,2.69,2.19,2.28,2.73,2.37,2.47,2.78,2.66,2.42,2.22,2.27,2.12,2.36
T_912,2.38,2.35,2.52,2.47,2.63,2.43,2.48,2.33,2.45,2.53,2.15,2.52,2.71,2.55,2.40,2.50,2.19,2.58,2.18,2.35,2.34,2.04,2.48,2.57,2.27,2.65,2.00,2.55,2.13,2.05,2.15,2.38
T_913,2.25,2.37,2.55,2.25,2.52,2.61,2.42,2.38,2.82,2.21,2.50,2.60,2.61,2.47,2.74,2.50,2.20,2.52,2.26,2.36,2.33,2.11,2.83,2.09,2.52,2.66,2.25,2.51,2.60,2.06,2.21,2.33
T_914,2.18,1.95,2.48,2.41,2.42,2.58,2.27,2.58,2.67,2.36,2.30,2.27,2.83,2.70,2.73,2.67,2.50,2.60,2.32,2.65,2.64,2.40,2.29,2.24,2.54,2.89,2.01,2.76,2.33,2.51,2.44,2.45
T_915,2.40,2.44,2.57,2.47,2.26,2.53,2.48,2.49,2.20,2.00,2.72,2.44,2.62,2.27,2.73,2.50,2.52,2.99,2.58,2.49,2.44,2.50,2.80,2.79,2.83,2.64,2.67,2.51,2.61,2.08,2.43,2.53
T_916,2.33,2.47,2.16,2.30,2.67,2.77,2.44,2.30,2.22,2.45,2.22,2.52,2.64,2.39,2.71,2.57,2.36,2.57,2.39,2.28,2.26,2.40,2.80,2.47,2.87,2.79,2.05,2.50,2.44,2.35,2.24,2.04
T_917,2.52,2.08,2.60,2.69,2.76,2.56,2.61,2.58,2.32,2.12,2.20,2.25,2.92,2.50,2.46,2.90,2.54,2.79,2.54,2.63,2.85,2.33,2.88,2.41,2.67,3.15,2.56,2.55,2.48,2.55,2.48,2.66
T_918,2.56,2.27,2.62,2.26,2.69,2.59,2.30,2.47,2.51,2.46,2.48,2.34,2.52,2.64,2.53,2.40,2.24,2.75,2.14,2.48,2.54,2.02,2.82,2.38,2.40,2.77,2.45,2.54,2.40,2.15,2.29,2.50
T_919,2.59,2.29,2.34,2.52,2.38,2.44,2.49,2.69,2.47,2.28,2.50,2.75,2.70,2.48,2.56,2.87,2.33,2.58,2.31,2.75,2.66,2.36,2.75,2.59,2.59,2.54,2.19,2.57,2.18,2.39,2.60,2.60
T_920,2.44,2.25,2.61,2.32,2.71,2.54,2.19,2.30,2.38,2.07,2.54,2.43,2.61,2.44,2.72,2.25,2.21,2.53,2.38,2.69,2.52,2.18,2.69,2.51,2.60,2.87,2.24,2.50,2.48,2.38,2.40,2.59
T_921,2.24,2.11,2.68,2.75,2.50,2.28,2.48,2.70,2.28,2.30,2.42,2.51,2.72,2.44,2.33,2.68,2.30,2.49,2.38,2.62,2.67,2.28,2.44,2.69,2.67,2.77,2.70,2.54,2.63,2.23,2.41,2.51
T_922,2.47,2.26,2.44,2.61,2.55,2.80,2.46,2.56,2.49,2.35,2.38,2.68,2.61,2.48,2.41,2.55,2.39,2.50,2.18,2.14,2.54,1.88,2.62,2.69,2.26,2.86,2.17,2.60,2.43,2.29,2.46,2.64
T_923,2.42,2.33,2.51,2.36,2.53,2.74,2.42,2.50,2.50,2.31,2.30,2.44,2.77,2.54,2.42,2.69,2.43,2.84,2.20,2.56,2.78,2.28,2.72,2.59,2.37,2.97,2.49,2.60,2.38,2.37,2.15,2.74
T_924,2.46,2.16,2.81,2.44,2.53,2.22,2.46,2.54,2.54,2.05,2.29,2.41,2.18,2.34,2.38,2.52,2.54,2.76,2.43,2.49,2.79,2.38,2.83,2.64,2.66,2.72,2.50,2.43,2.49,2.81,2.24,2.65
T_925,2.45,2.38,2.56,2.27,2.62,2.38,2.85,2.32,2.50,2.50,2.50,2.48,2.64,2.63,2.70,2.49,2.51,2.62,2.25,2.28,2.52,2.02,2.67,2.22,2.53,2.71,2.20,2.48,2.40,2.23,2.14,2.57
T_926,2.41,2.49,2.46,2.38,2.47,2.40,1.99,2.57,2.69,2.17,2.47,2.58,2.66,2.66,2.52,2.51,2.42,2.40,2.25,2.66,2.37,2.24,2.93,2.45,2.29,2.63,2.25,2.14,2.27,2.46,2.36,2.60
T_927,2.45,2.24,2.39,2.12,2.61,2.67,2.35,2.47,2.49,2.41,2.24,2.50,2.81,2.55,2.32,2.62,2.62,2.71,2.17,2.52,2.45,2.34,2.81,2.61,2.58,2.89,2.28,2.72,2.48,2.12,2.12,2.33
T_928,2.20,2.41,2.48,2.43,2.49,2.60,2.44,2.52,2.53,2.39,2.44,2.48,2.62,2.46,2.60,2.44,2.48,2.54,2.06,2.76,2.42,2.26,2.23,2.38,2.90,2.57,2.24,2.67,2.41,2.16,2.19,2.45
T_929,2.49,2.14,2.64,2.38,2.72,2.28,2.42,2.34,2.57,2.28,2.14,2.17,2.63,2.33,2.41,2.43,2.63,2.64,2.51,2.62,2.72,1.93,2.78,2.38,2.54,2.40,2.39,2.47,2.55,2.55,2.42,2.77
T_930,2.46,2.18,2.46,2.40,2.78,2.56,2.64,2.68,2.67,2.06,2.67,2.45,2.58,2.81,2.64,2.83,2.35,2.94,2.37,2.63,2.70,2.47,2.67,2.50,2.60,2.76,2.06,2.73,2.58,2.47,2.27,2.43
T_931,2.44,2.23,2.60,2.12,2.45,2.56,2.45,2.91,2.69,2.12,2.45,2.47,2.47,2.55,2.48,2.41,2.25,3.10,2.32,2.42,2.31,2.21,2.60,2.30,2.56,2.93,2.33,2.34,2.26,2.16,2.54,2.44
T_932,2.19,2.06,2.54,2.34,2.73,2.87,2.58,2.56,2.57,2.26,2.40,2.74,2.54,2.48,2.52,2.78,2.50,2.86,2.03,2.43,2.42,2.32,2.64,2.10,2.56,3.07,2.55,2.47,2.42,2.32,2.09,2.72
T_933,2.40,2.22,2.68,2.44,2.68,2.71,2.70,2.16,2.35,2.15,2.43,2.91,2.73,2.44,2.48,2.81,2.44,2.88,2.54,2.52,2.70,2.75,2.65,2.47,2.53,2.70,2.18,2.52,2.38,2.48,2.36,2.67
T_934,2.30,2.20,2.62,2.36,2.57,2.53,2.47,2.58,2.52,2.41,2.39,2.43,2.57,2.25,2.48,2.47,2.63,2.41,2.52,2.50,2.62,2.43,2.94,2.52,2.93,2.83,2.22,2.76,2.90,2.35,2.08,2.36
T_935,2.66,2.11,2.59,2.55,2.58,2.50,2.78,2.53,2.46,1.92,2.68,2.41,2.60,2.52,2.39,2.61,2.24,2.63,2.38,2.25,2.22,2.22,2.65,2.46,2.72,2.76,2.07,2.45,2.48,2.26,2.18,2.50
T_936,2.33,1.90,2.55,2.33,2.42,2.50,2.80,2.41,2.68,1.93,2.27,2.39,2.72,2.43,2.89,2.62,2.40,2.42,2.37,2.41,2.58,2.21,2.72,2.84,2.51,2.77,2.47,2.25,2.43,2.17,2.31,2.45
T_937,2.52,2.19,2.36,2.23,2.17,2.31,2.46,2.60,2.30,2.14,2.18,2.69,2.67,2.56,2.76,2.17,2.48,2.80,2.25,2.50,2.49,1.90,2.46,2.51,2.60,2.45,2.12,2.42,2.21,2.36,2.32,2.45
T_938,2.50,2.01,2.54,2.55,2.59,2.55,2.40,2.75,2.26,2.10,2.30,2.32,2.43,2.60,2.80,2.26,2.43,2.61,2.37,2.58,2.40,2.25,2.37,2.58,2.53,2.38,2.60,2.47,2.38,2.22,2.26,2.61
T_939,2.55,2.32,2.31,2.43,2.58,2.84,2.31,2.78,2.36,2.20,2.27,2.33,2.58,2.42,2.48,2.75,2.49,3.02,2.32,2.42,2.59,2.56,2.43,2.54,2.72,2.88,2.15,2.21,2.62,2.67,2.35,2.71
T_940,2.59,2.23,2.56,2.40,2.68,2.89,2.26,2.42,2.35,2.40,2.40,2.41,2.65,2.64,2.35,2.83,2.44,2.93,2.19,2.45,2.34,2.23,2.70,2.52,2.58,2.75,2.26,2.31,2.24,1.99,2.35,2.34
T_941,2.58,2.36,2.29,2.32,2.56,2.65,2.52,2.48,2.68,2.25,2.57,2.52,2.62,2.59,2.77,2.61,2.33,2.82,2.29,2.72,2.85,2.15,2.66,2.44,2.68,2.54,2.38,2.29,2.20,2.28,2.29,2.40
T_942,2.51,2.09,2.70,2.38,2.44,2.37,2.54,2.58,2.39,2.10,2.73,2.57,2.59,2.65,2.37,2.66,2.39,2.47,2.13,2.30,2.79,2.39,2.47,2.45,2.69,2.76,2.05,2.50,2.24,2.02,2.27,2.47
T_943,2.57,2.31,2.57,2.50,2.55,2.72,2.64,2.32,2.48,2.60,2.45,2.26,2.78,2.50,2.70,2.56,2.34,2.70,2.40,2.65,2.54,2.18,2.73,2.53,2.45,2.83,2.27,2.47,2.84,2.36,2.01,2.63
T_944,2.36,2.07,2.41,2.18,2.71,2.88,2.53,2.69,2.53,2.22,2.55,2.23,2.56,2.54,2.52,2.49,2.60,2.56,2.54,2.51,2.46,2.42,2.69,2.34,2.56,2.77,2.44,2.26,2.69,2.40,2.31,2.61
T_945,2.34,2.07,2.45,2.43,2.56,2.52,2.50,2.16,2.35,2.19,2.55,2.42,2.29,2.67,2.58,2.51,2.39,2.53,2.23,2.65,2.37,2.32,2.85,2.46,2.19,2.59,2.42,2.63,2.32,2.39,2.28,2.72
T_946,2.25,2.23,2.81,2.39,2.75,2.77,2.64,2.73,2.53,2.16,2.38,2.38,2.54,2.64,2.50,2.35,2.20,2.71,2.44,2.63,2.86,1.65,2.92,2.57,2.71,2.86,2.32,2.28,2.65,2.12,2.43,2.44
T_947,2.58,2.25,2.32,2.70,2.33,2.69,2.39,2.58,2.32,2.52,2.16,2.37,2.75,2.50,2.64,2.63,2.22,2.45,2.19,2.38,2.25,2.08,2.56,2.47,2.45,2.87,2.26,2.38,2.40,2.10,2.31,2.50
T_948,2.49,2.24,2.63,2.41,2.54,2.75,2.57,2.31,2.57,2.03,2.26,2.08,2.69,2.69,2.39,2.33,2.41,2.73,2.43,2.59,2.61,2.07,2.90,2.17,2.57,2.85,2.28,2.65,2.30,2.36,2.30,2.63
T_949,2.21,2.38,2.80,2.30,2.62,2.64,2.37,2.52,2.48,2.57,2.60,2.54,2.77,2.58,2.36,2.68,2.31,2.92,2.11,2.51,2.43,2.05,2.57,2.21,2.65,2.80,2.16,2.45,2.50,2.22,2.14,2.64
T_950,2.31,2.30,2.40,2.41,2.90,2.73,2.55,2.40,2.68,2.01,2.49,2.41,2.69,2.59,2.44,2.83,2.65,2.76,2.35,2.58,2.29,2.46,2.82,2.47,2.72,3.03,2.12,2.73,2.60,2.47,2.02,2.64
T_951,2.34,2.36,2.58,2.33,2.50,2.45,2.34,2.48,2.90,2.30,2.81,2.66,3.01,2.55,2.61,2.73,2.38,2.84,2.27,2.58,2.46,2.25,2.62,2.02,2.49,2.64,2.34,2.48,2.49,2.14,2.23,2.42
T_952,2.26,2.18,2.68,2.31,2.67,2.66,2.28,2.59,2.18,2.16,2.34,2.25,2.39,2.68,2.42,2.51,2.51,2.65,2.03,2.37,2.65,2.27,2.56,2.42,2.54,2.69,2.32,2.44,2.57,2.25,2.10,2.52
T_953,2.37,2.18,2.61,2.45,2.88,2.48,2.34,2.45,2.65,2.34,2.16,2.60,2.75,2.59,2.55,2.70,2.62,2.71,2.28,2.41,2.30,2.17,2.72,2.09,2.80,2.55,2.12,2.22,1.92,2.26,2.08,2.44
T_954,2.23,2.20,2.64,2.25,2.46,2.80,2.56,2.32,2.59,2.17,2.34,2.51,2.83,2.25,2.53,2.55,2.40,2.50,2.29,2.36,2.53,2.25,2.60,2.03,2.65,2.92,2.43,2.38,2.45,2.31,2.21,2.30
T_955,2.25,2.32,2.60,2.55,2.71,2.68,2.40,2.65,2.59,2.11,2.51,2.51,2.59,2.66,2.47,2.72,2.37,2.68,2.41,2.38,2.42,2.17,2.65,2.35,2.59,2.87,2.14,2.58,2.31,2.21,2.33,2.29
T_956,2.59,2.41,2.79,2.44,2.67,2.80,2.65,2.45,2.55,2.17,2.46,2.39,2.55,2.60,2.63,2.53,2.47,2.70,2.31,2.25,2.48,2.06,2.58,2.37,2.80,2.68,2.18,2.52,2.54,2.21,2.21,2.63
T_957,2.26,2.13,2.42,2.63,2.63,2.69,2.62,2.17,2.57,2.42,2.34,2.56,2.26,2.50,2.42,2.60,2.36,2.92,2.35,2.32,2.25,2.05,2.93,2.34,2.69,2.81,2.21,2.72,2.30,2.20,2.18,2.31
T_958,2.43,2.10,2.39,2.13,2.62,2.72,2.30,2.68,2.45,2.20,2.41,2.36,2.69,2.41,2.57,2.72,2.73,2.57,2.29,2.67,2.53,2.07,2.66,2.38,2.76,2.68,2.25,2.67,2.68,2.25,2.48,2.64
T_959,2.60,2.34,2.24,2.23,2.67,2.78,2.32,2.71,2.59,2.45,2.26,2.62,2.90,2.54,2.51,2.76,2.35,2.57,2.50,2.50,2.43,2.14,2.87,2.95,2.74,3.09,2.23,2.69,2.47,2.29,2.08,2.49
T_960,2.36,2.34,2.33,2.36,2.59,2.59,2.54,2.34,2.74,2.02,2.09,2.43,2.95,2.47,2.48,2.24,2.51,2.91,2.36,2.70,2.49,2.23,2.90,2.13,2.87,2.58,2.26,2.56,2.29,2.46,2.42,2.46
T_961,2.95,2.37,2.43,2.38,2.65,2.62,2.28,2.40,2.59,2.48,2.65,2.68,2.57,2.69,2.41,2.68,2.50,2.53,2.49,2.52,2.45,2.42,3.14,2.52,2.62,2.61,2.18,2.33,2.54,2.44,2.38,2.49
T_962,2.27,2.40,2.32,2.50,2.44,2.38,2.52,2.49,2.45,2.28,2.38,2.73,2.80,2.45,2.40,3.01,2.54,2.77,2.31,2.25,2.58,2.19,2.92,2.24,2.60,2.93,2.25,2.69,2.20,2.28,2.06,2.47
T_963,2.35,2.32,2.90,2.48,2.76,2.72,2.55,2.41,2.47,2.03,2.47,2.54,2.44,2.65,2.57,2.39,2.27,2.91,2.49,2.61,2.64,2.26,2.74,2.49,2.71,2.77,2.39,2.50,2.44,2.23,2.12,2.03
T_964,2.11,2.18,2.22,2.35,2.45,2.51,2.40,2.41,2.43,2.16,2.49,2.42,3.01,2.34,2.54,2.57,2.72,2.49,1.97,2.37,2.58,2.18,2.43,2.38,2.70,2.83,2.01,2.67,2.22,2.29,2.42,2.43
T_965,2.40,2.19,2.47,2.51,2.29,2.55,2.51,2.63,2.47,1.96,2.17,2.60,2.42,2.48,2.44,2.64,2.49,2.41,2.23,2.49,2.59,2.43,2.57,2.43,2.27,2.68,2.72,2.51,2.22,2.34,2.31,2.61
T_966,2.25,2.14,2.75,2.68,2.45,2.46,2.07,2.46,2.47,2.32,2.54,2.42,2.36,2.80,2.33,2.66,2.21,2.76,2.26,2.69,2.46,2.08,2.53,2.53,2.84,2.79,2.25,2.61,2.68,2.28,2.47,2.57
T_967,2.39,2.21,2.57,2.37,2.74,2.61,2.53,2.53,2.46,2.29,2.39,2.53,2.78,2.56,2.40,2.58,2.39,2.58,2.20,2.30,2.42,2.35,2.53,2.54,2.55,2.80,2.23,2.26,2.22,1.91,2.25,2.36
T_968,2.62,2.42,2.40,2.38,2.68,2.47,2.35,2.54,2.21,2.31,2.19,2.59,2.37,2.45,2.49,2.35,2.41,2.74,2.28,2.01,2.82,2.12,2.72,2.04,2.42,2.63,1.90,2.19,2.64,2.45,2.10,2.35
T_969,2.50,2.31,2.60,2.26,2.39,2.48,2.43,2.41,2.51,2.24,2.29,2.82,2.56,2.25,2.38,2.48,2.67,2.97,2.25,2.78,2.48,2.31,2.71,2.40,2.46,2.71,2.43,2.60,2.35,2.49,2.50,2.56
T_970,2.29,2.36,2.64,2.54,2.36,2.40,2.59,2.33,2.22,2.37,2.40,2.52,2.81,2.78,2.66,2.21,2.66,2.82,2.30,2.77,2.84,2.64,2.91,2.39,2.78,2.90,2.37,2.57,2.42,2.33,2.79,2.44
T_971,2.00,2.15,2.66,2.42,2.41,2.67,2.57,2.31,2.41,2.35,2.21,2.27,2.80,2.59,2.28,2.61,2.41,2.50,2.20,2.60,2.36,1.98,2.78,2.40,2.58,2.67,2.07,2.47,2.24,2.23,2.35,1.98
T_972,2.52,2.25,2.67,2.41,2.50,2.96,2.77,2.36,2.30,2.24,2.54,2.44,2.50,2.41,2.29,2.44,2.40,2.76,2.01,2.32,2.82,2.33,2.63,2.30,2.77,2.77,2.44,2.41,2.62,2.34,2.44,2.37
T_973,2.45,2.21,2.45,2.38,2.65,2.73,2.21,2.49,2.62,2.47,2.54,2.49,2.61,2.45,2.56,2.58,2.50,2.85,2.19,2.42,2.47,2.34,2.75,2.61,2.20,2.95,2.34,2.59,2.68,2.36,2.21,2.68
T_974,2.42,2.06,2.60,2.22,2.41,2.86,2.56,2.41,2.38,2.60,2.51,2.56,2.80,2.59,2.52,2.44,2.37,2.41,2.36,2.44,2.36,2.12,2.85,2.73,2.26,2.71,2.44,2.39,2.25,2.43,2.16,2.44
T_975,2.21,2.57,2.63,2.42,2.52,2.52,2.39,2.51,2.73,2.29,2.51,2.43,2.62,2.59,2.81,2.42,2.47,2.79,2.36,2.60,2.41,2.37,2.68,2.35,2.89,2.67,2.18,2.69,2.64,2.20,2.58,2.63
T_976,2.18,2.44,2.38,2.61,2.28,2.67,2.78,2.70,2.62,2.49,2.62,2.61,2.64,2.51,2.57,2.47,2.58,2.65,2.28,2.61,2.69,1.91,2.76,2.46,2.54,2.77,2.24,2.61,2.52,2.44,2.31,2.53
T_977,2.07,2.15,2.63,2.53,2.42,2.47,2.36,2.42,2.34,2.21,2.57,2.32,2.41,2.53,2.36,2.72,2.41,2.67,2.37,2.38,2.57,2.27,2.66,2.13,2.86,3.12,2.14,2.35,2.32,2.40,2.38,2.66
T_978,2.37,2.35,2.72,2.35,2.65,2.81,2.52,2.57,2.39,2.14,2.49,2.35,2.78,2.53,2.50,2.36,2.15,2.85,2.39,2.41,2.89,2.33,2.37,2.54,2.67,2.52,2.37,2.50,2.24,2.52,2.48,2.42
T_979,2.32,2.45,2.46,2.25,2.56,2.67,2.55,2.26,2.28,2.09,2.53,2.49,2.76,2.28,2.63,2.40,2.46,2.54,2.39,2.53,2.50,2.05,2.44,2.24,2.25,2.72,2.29,2.36,2.47,2.40,2.03,2.37
T_980,2.34,2.50,2.63,2.33,2.65,2.63,2.59,2.21,2.64,2.28,2.56,2.71,2.57,2.63,2.37,2.60,2.60,2.71,2.21,2.71,2.14,2.35,2.60,2.52,2.47,2.63,2.16,2.43,2.68,2.66,1.98,2.43
T_981,2.11,2.18,2.52,2.54,2.47,2.53,2.35,2.79,2.77,2.51,2.50,2.65,2.49,2.60,2.35,2.61,2.34,2.83,2.32,2.26,2.30,2.16,2.68,2.30,2.59,2.49,2.31,2.66,2.36,2.49,2.27,2.33
T_982,2.42,1.90,2.54,2.30,2.79,2.62,2.60,2.47,2.83,2.16,2.28,2.36,2.58,2.39,2.20,2.67,2.22,2.67,2.32,2.49,2.42,2.36,2.66,2.41,2.65,2.82,2.11,2.21,2.35,2.20,2.18,2.36
T_983,2.46,2.27,2.75,2.26,2.21,2.49,2.26,2.57,2.28,2.13,2.22,2.14,2.44,2.39,2.45,2.80,2.43,2.59,2.34,2.28,2.28,2.19,2.44,2.38,2.74,2.57,2.42,2.38,2.58,2.47,2.41,2.60
T_984,2.17,2.07,2.45,2.51,2.47,2.67,2.59,2.80,2.58,2.25,2.36,2.25,2.56,2.19,2.87,2.90,2.81,2.84,2.21,2.45,2.55,2.22,2.53,2.59,2.64,2.90,2.47,2.81,2.58,2.46,2.53,2.84
T_985,2.36,2.08,2.69,2.30,2.37,2.32,2.51,2.48,2.45,2.22,2.17,2.29,2.86,2.63,2.37,2.54,2.40,2.50,2.22,2.43,2.65,2.34,2.69,2.44,2.76,2.74,2.24,2.55,2.55,2.33,2.23,2.79
T_986,2.48,2.29,2.50,2.61,2.61,2.55,2.44,2.66,2.76,2.26,2.25,2.59,2.52,2.59,2.68,2.58,2.55,2.77,2.02,2.64,2.34,2.38,2.87,2.49,2.61,2.60,2.25,2.59,2.50,2.47,2.15,2.31
T_987,2.27,2.25,2.41,2.12,2.45,2.41,2.72,2.40,2.40,2.30,2.44,2.36,2.56,2.60,2.74,2.60,2.35,2.81,2.30,2.48,2.36,2.13,2.47,2.47,2.49,2.83,2.30,2.62,2.41,2.02,2.36,2.54
T_988,2.38,2.32,2.59,2.28,2.44,2.60,2.24,2.29,2.24,1.97,2.18,2.30,2.86,2.82,2.51,2.42,2.19,2.71,2.13,2.59,2.46,2.36,2.80,2.27,2.66,2.85,2.37,2.38,2.34,2.36,2.24,2.41
T_989,2.45,2.59,2.51,2.64,2.43,2.64,2.36,2.59,2.37,2.18,2.41,2.41,2.50,2.40,2.79,2.32,2.50,2.84,2.18,2.52,2.55,2.16,2.40,2.38,2.45,2.91,2.16,2.66,2.28,2.24,2.15,2.30
T_990,2.52,1.86,2.80,2.26,2.70,2.75,2.41,2.56,2.49,2.21,2.60,2.28,2.76,2.65,2.33,2.58,2.66,2.68,2.38,2.52,2.31,2.29,2.62,2.55,2.33,2.99,2.22,2.48,2.41,2.30,2.16,2.30
T_991,2.38,2.20,2.43,2.62,2.59,2.93,2.35,2.63,2.39,2.19,2.34,2.49,2.56,2.48,2.50,2.84,2.43,2.71,2.22,2.33,2.74,2.11,2.91,2.17,2.57,2.40,2.08,2.32,2.17,2.34,2.14,2.26
T_992,2.40,2.26,2.49,2.52,2.48,2.56,2.67,2.39,2.59,2.01,2.43,2.46,2.43,2.67,2.61,2.60,2.44,2.62,2.32,2.81,2.41,2.09,2.88,2.62,2.47,2.64,2.21,2.64,2.41,2.29,2.46,2.35
T_993,2.26,2.32,2.70,2.48,2.41,2.49,2.76,2.61,2.52,2.01,2.58,2.56,3.05,2.61,2.32,2.71,2.52,2.83,2.30,2.75,2.57,2.24,2.97,2.45,2.83,2.91,1.99,2.41,2.43,2.58,2.24,2.39
T_994,2.44,2.21,2.41,2.44,2.29,2.80,2.42,2.33,2.43,2.33,2.42,2.46,2.26,2.51,2.26,2.43,2.16,2.70,1.90,2.43,2.14,2.42,2.49,2.49,2.51,2.79,2.21,2.32,2.31,2.39,1.98,2.40
T_995,2.27,2.13,2.87,2.51,2.69,2.79,2.41,2.43,2.55,2.49,2.34,2.19,2.62,2.55,2.44,2.18,2.90,2.69,2.36,2.42,2.50,2.14,2.64,2.57,2.63,2.75,2.24,2.50,2.59,2.35,2.05,2.40
T_996,2.44,2.37,2.61,2.49,2.46,2.42,2.54,2.46,2.44,2.14,2.57,2.24,2.51,2.37,2.51,2.24,2.36,2.71,2.37,2.74,2.24,2.10,2.32,2.39,2.53,2.47,2.28,2.80,2.34,1.93,2.38,2.40
T_997,2.66,2.67,2.34,2.51,2.55,2.49,2.29,2.54,2.21,2.09,2.60,2.67,2.57,2.25,2.54,2.63,2.47,2.53,2.40,2.51,2.66,2.34,2.99,2.17,2.89,2.74,2.39,2.40,2.50,2.11,1.99,2.87
T_998,2.45,2.44,2.50,2.19,2.45,2.47,2.65,2.36,2.46,2.22,2.23,2.53,3.05,2.54,2.42,2.80,2.34,2.50,2.33,2.58,2.45,2.27,2.67,2.27,2.54,2.85,2.54,2.29,2.33,2.24,2.32,2.34
T_999,2.51,2.29,2.52,2.51,2.50,2.80,2.51,2.50,2.40,2.30,2.37,2.30,2.69,2.59,2.73,2.57,2.66,2.61,2.38,2.87,2.30,2.29,2.58,2.38,2.65,2.93,2.31,2.47,2.31,2.43,2.37,2.19
T_1000,2.27,2.20,2.56,2.48,2.72,2.30,2.32,2.49,2.32,2.27,2.51,2.34,2.67,2.68,2.72,2.33,2.83,2.88,2.46,2.48,2.63,2.54,3.19,2.51,2.70,2.78,2.27,2.54,2.64,2.35,2.40,2.81
T_1001,2.37,2.19,2.48,2.43,2.56,2.36,2.51,2.65,2.67,2.42,2.32,2.35,2.48,2.49,2.76,2.55,2.45,2.67,2.27,2.70,2.16,2.04,2.54,2.32,2.30,2.49,2.37,2.46,2.47,2.35,2.19,2.58
T_1002,2.26,2.32,2.60,2.52,2.80,2.61,2.19,2.50,2.53,2.39,2.33,2.53,2.64,2.73,2.42,2.65,2.58,2.53,2.36,2.52,2.52,2.31,2.85,2.37,2.82,2.73,2.09,2.57,2.47,2.14,2.11,2.45
T_1003,2.53,2.08,2.48,2.18,2.50,2.56,2.52,2.48,2.56,2.25,2.37,2.62,2.79,2.37,2.67,2.57,2.38,2.59,2.24,2.96,2.56,2.66,2.65,2.49,2.60,2.63,2.10,2.05,2.33,2.27,2.39,2.43
T_1004,2.61,2.05,2.71,2.21,2.48,2.53,2.68,2.28,2.59,2.17,2.44,2.47,2.42,2.51,2.45,2.76,2.19,2.59,2.08,2.27,2.28,2.41,2.76,2.40,2.64,2.48,2.22,2.27,2.51,2.31,2.31,2.41
T_1005,2.24,1.82,2.90,2.47,2.52,2.51,2.44,2.58,2.50,2.21,2.43,2.40,2.95,2.69,2.71,2.51,2.55,2.60,2.04,2.47,2.30,2.25,2.62,2.34,2.62,2.73,2.35,2.57,2.19,2.33,2.26,2.51
T_1006,2.55,2.14,2.78,2.65,2.70,2.72,2.20,2.42,2.61,2.27,2.40,2.58,2.56,2.47,2.52,2.44,2.34,2.96,2.47,2.42,2.59,2.08,2.83,2.23,2.43,2.92,2.16,2.65,2.43,2.15,2.51,2.31
T_1007,2.38,2.04,2.45,2.20,2.57,2.61,2.50,2.53,2.72,2.17,2.54,2.36,2.57,2.68,2.52,2.46,2.27,2.55,2.45,2.65,2.67,2.60,2.74,2.27,2.53,2.95,1.96,2.31,2.36,2.40,2.36,2.43
T_1008,2.44,2.21,2.41,2.56,2.42,2.55,2.49,2.40,2.58,2.59,2.59,2.68,2.77,2.78,2.57,2.66,2.69,2.50,2.16,2.42,2.60,2.25,2.66,2.53,2.33,2.55,2.28,2.15,2.43,2.16,2.31,2.26
T_1009,2.70,2.27,2.73,2.44,2.60,2.82,2.55,2.56,2.42,2.22,2.54,2.44,2.51,2.43,2.21,2.55,2.66,2.69,2.40,2.38,2.60,2.39,2.60,2.59,2.59,2.52,2.25,2.29,2.48,2.33,2.20,2.39
T_1010,2.45,2.29,2.57,2.40,2.39,2.72,2.22,2.40,2.48,1.87,2.40,2.35,2.47,2.09,2.36,2.63,2.36,2.59,2.18,2.63,2.58,2.35,2.92,2.41,2.47,2.70,2.39,2.67,2.72,1.73,2.03,2.22
T_1011,2.28,2.24,2.30,2.23,2.45,2.29,2.38,2.69,2.57,2.23,2.41,2.21,2.56,2.55,2.34,2.34,2.39,2.86,2.22,2.68,2.50,2.37,2.71,2.49,2.66,2.90,2.48,2.16,2.61,2.35,1.96,2.43
T_1012,2.36,2.00,2.40,2.51,2.55,2.52,2.60,2.55,2.44,2.20,2.44,2.16,2.35,2.48,2.55,2.68,2.48,2.78,2.20,2.30,2.35,2.49,2.56,2.45,2.70,2.83,2.12,2.41,2.39,2.56,2.35,2.47
T_1013,2.31,2.08,2.77,2.53,2.49,2.63,2.55,2.16,2.51,2.35,2.54,2.51,2.85,2.50,2.39,2.54,2.40,2.79,2.31,2.61,2.51,2.33,2.57,2.38,2.74,2.52,2.07,2.65,2.50,2.50,2.56,2.36
T_1014,2.65,1.99,2.99,2.44,2.29,2.43,2.21,2.54,2.66,2.35,2.65,2.50,2.64,2.41,2.67,2.78,2.28,2.47,2.39,2.51,2.41,2.26,2.78,2.09,2.69,2.90,2.21,2.61,2.34,2.48,2.05,2.42
T_1015,2.57,1.94,2.52,2.25,2.74,2.69,2.63,2.51,2.49,2.15,2.22,2.47,2.72,2.60,2.58,2.70,2.45,2.75,2.60,2.60,2.62,2.32,2.96,2.61,2.50,2.83,2.26,2.70,2.47,2.26,2.23,2.26
T_1016,2.57,2.08,2.49,2.35,2.76,2.38,2.39,2.49,2.62,2.26,2.46,2.38,2.73,2.55,2.43,2.44,2.43,2.95,2.53,2.50,2.43,2.45,2.75,2.25,2.33,2.55,2.22,2.62,2.47,2.30,2.55,2.53
T_1017,2.34,2.12,2.59,2.50,2.64,2.45,2.40,2.61,2.38,2.36,2.50,2.48,2.46,2.29,2.27,2.61,2.62,2.71,2.40,2.40,2.57,2.07,2.34,2.39,2.48,2.59,2.30,2.39,2.48,2.25,2.21,2.28
T_1018,2.25,2.26,2.58,2.20,2.65,2.73,2.19,2.47,2.34,2.22,2.37,2.41,2.52,2.40,2.53,2.84,2.50,2.45,2.33,2.41,2.39,2.19,2.61,2.23,2.51,2.61,1.88,2.28,2.41,2.14,2.17,2.32
T_1019,2.60,2.44,2.43,2.68,2.56,2.41,2.40,2.63,2.38,2.07,2.40,2.12,2.49,2.40,2.38,2.44,2.37,2.82,2.16,2.60,2.60,2.13,2.55,2.44,2.35,2.79,2.46,2.48,2.42,2.20,2.25,2.34
T_1020,2.49,2.34,2.24,2.49,2.79,2.52,2.22,2.52,2.46,2.60,2.40,2.53,2.24,2.52,2.62,2.63,2.60,2.70,2.43,2.47,2.84,2.52,3.09,2.71,2.67,2.93,2.22,2.48,2.30,2.41,2.18,2.31
T_1021,2.22,2.27,2.33,2.51,2.45,2.51,2.37,2.44,2.49,2.09,2.43,2.58,2.41,2.19,2.59,2.62,2.62,2.81,2.34,2.55,3.01,2.38,2.72,2.47,2.46,2.78,2.25,2.36,2.38,2.48,2.63,2.46
T_1022,2.43,2.36,2.67,2.23,2.73,2.62,2.73,2.36,2.65,2.16,2.65,2.19,2.56,2.59,2.57,2.26,2.29,2.87,2.09,2.74,2.61,2.26,2.61,2.48,2.26,2.88,2.09,2.55,2.54,2.26,2.25,2.53
T_1023,2.57,2.12,2.64,2.49,2.76,2.39,2.66,2.55,2.49,2.10,2.37,2.41,2.51,2.26,2.75,2.46,2.27,2.61,2.14,2.50,2.57,2.12,2.66,2.47,2.76,2.86,2.14,2.21,2.27,2.44,2.40,2.45
