P,P_0,P_1,P_2,P_3,P_4,P_5,P_6,P_7
P_0,0.0,39.0,67.0,57.0,53.0,95.0,46.0,23.0
P_1,39.0,0.0,67.0,83.0,78.0,89.0,25.0,10.0
P_2,67.0,67.0,0.0,44.0,15.0,80.0,24.0,92.0
P_3,57.0,83.0,44.0,0.0,67.0,59.0,98.0,83.0
P_4,53.0,78.0,15.0,67.0,0.0,86.0,19.0,53.0
P_5,95.0,89.0,80.0,59.0,86.0,0.0,52.0,46.0
P_6,46.0,25.0,24.0,98.0,19.0,52.0,0.0,84.0
P_7,23.0,10.0,92.0,83.0,53.0,46.0,84.0,0.0
