P,P_0,P_1,P_2,P_3,P_4,P_5,P_6,P_7
P_0,0.0,91.0,86.0,24.0,54.0,29.0,32.0,36.0
P_1,91.0,0.0,65.0,77.0,96.0,100.0,90.0,74.0
P_2,86.0,65.0,0.0,30.0,56.0,67.0,33.0,93.0
P_3,24.0,77.0,30.0,0.0,66.0,58.0,38.0,32.0
P_4,54.0,96.0,56.0,66.0,0.0,50.0,50.0,23.0
P_5,29.0,100.0,67.0,58.0,50.0,0.0,63.0,61.0
P_6,32.0,90.0,33.0,38.0,50.0,63.0,0.0,94.0
P_7,36.0,74.0,93.0,32.0,23.0,61.0,94.0,0.0
